      1.09282
      1.04475
     0.965299
     0.963625
     0.902743
     0.837866
     0.785939
     0.763565
     0.759188
     0.731966
     0.694922
     0.662889
     0.631857
     0.608405
     0.587841
     0.561067
     0.540938
     0.518842
     0.497319
     0.485763
     0.472087
     0.443597
     0.440581
     0.422182
     0.405523
     0.383506
     0.367548
     0.355602
     0.344532
     0.327907
     0.312070
     0.303383
     0.371571
     0.347034
     0.316507
     0.296361
     0.276441
     0.252392
     0.239704
     0.225558
     0.204858
     0.183534
     0.166260
     0.150010
     0.137151
     0.132135
     0.124246
     0.112411
     0.101622
    0.0920381
    0.0839208
    0.0758536
    0.0718023
    0.0677911
    0.0587970
    0.0599753
    0.0560987
    0.0516554
    0.0490987
    0.0459740
    0.0432021
    0.0406459
    0.0382855
    0.0360883
