      76.0867
      78.6567
      78.0267
      78.0600
      77.7167
      77.6300
      77.7633
      78.2667
      77.6367
      78.2333
      76.9400
      76.5567
      78.9033
      77.8233
      75.7467
      74.7667
      74.1167
      77.4033
      76.3133
      77.2667
      76.6900
      78.0200
      78.4733
      77.6200
      78.0600
      77.0567
      76.0267
      73.6067
      77.0533
      69.7533
      77.7567
      75.8400
      1063.86
      1030.04
      993.103
      1078.15
      1046.74
      1024.72
      1067.11
      1014.35
      1035.57
      1020.49
      1028.52
      1031.41
      1006.20
      1012.00
      2197.55
      980.093
      1077.95
      848.727
      1215.96
      687.273
      1363.63
      802.297
      1127.45
      881.077
      3564.66
      716.493
      1637.97
      622.830
      911.690
      1106.95
      1562.80
      543.883
