0.97195099
1.0080530
1.0011220
1.0373142
1.0165215
0.99610201
0.98198248
0.98214284
1.0068402
1.0137654
0.98472317
1.0053838
1.0104629
1.0065989
1.0023619
0.99349747
0.99075956
0.99311879
0.98999957
0.98399399
1.0047502
0.98706266
1.0215776
1.0136570
1.0161188
0.97822087
1.0159139
0.99563183
1.0082314
0.99687000
0.99146403
1.0245403
1.00000
1.00000
1.00000
1.0013578
0.98990027
0.99141693
0.99755823
1.0093125
1.0013340
1.0101287
0.98040833
1.0037661
1.0072696
1.0190822
1.0143599
1.0066883
0.96399363
0.95082114
0.95760306
0.98213811
1.0190246
1.0601838
0.98500674
1.0860694
0.97710449
0.96796369
0.92283385
1.0708286
1.00000
1.00000
1.00000
1.00000
