49914316
49920836
60950512
78908272
78927080
89103424
78896824
89846672
89856816
120685040
120708544
120733688
120749520
120761560
123733736
123744144
123776032
124180712
124199512
124552368
124796024
125215648
125585144
125602992
125647928
125665808
125683128
125729840
125850744
125867288
125884576
125904680
126103920
126123304
126369120
126521536
126677104
126718072
126789568
126866176
126970248
127028384
128122400
128421056
128506232
128597824
128612944
128849432
128929288
128946880
129028032
129533632
129627056
129731336
129790184
129881456
130978408
130996312
131008344
131029096
131172072
131239912
131664176
131700216
131725824
131893488
131901576
131950912
131963200
132034880
132062520
132122760
132148792
132227272
132312672
132466792
132490240
132553960
132564464
132642368
132672800
132714120
132732240
132812096
132836368
132892320
132918952
132994848
133059072
133077480
133100800
133162648
133243984
133270448
133325424
133412728
133424808
133508152
133526048
133580744
