     0.547866
     0.621887
     0.583458
     0.569340
     0.575173
     0.572298
     0.607083
     0.650872
     0.576567
     0.627323
     0.625330
     0.622963
     0.612568
     0.509564
     0.538631
     0.594475
     0.619948
     0.536920
     0.579893
     0.556707
     0.612496
     0.611702
     0.646023
     0.574486
     0.614540
     0.617571
     0.566000
     0.559463
     0.598624
     0.632843
     0.604434
     0.596310
     0.463085
     0.579576
     0.627670
     0.470714
     0.509836
     0.510875
     0.453046
     0.531757
     0.508742
     0.513919
     0.545326
     0.519669
     0.460466
     0.412986
      1.62788
     0.481729
     0.474594
     0.599851
     0.653060
     0.906291
     0.861536
     0.755354
     0.964495
      1.15263
      5.91966
      4.39937
      1.53203
      1.22996
      1.42619
      1.91731
      2.33957
      1.86045
