0.039      0.00      0.00      0.00                   
0.078      0.00      0.00      0.00                   
0.117      0.00      0.00      0.00                   
0.156      0.00      0.00      0.00                   
0.195      0.00      0.00      0.00                   
0.234      0.00      0.00      0.00                   
0.273      0.00      0.00      0.00                   
0.312      0.00      0.00      0.00                   
0.351      0.00      0.00      0.00                   
0.390      0.00      0.00      0.00                   
0.429      0.00   9453.90  14087.10                   
0.468      0.00   9284.98  13718.40                   
0.507      0.00   9114.99  13356.50                   
0.546     23.75   8944.76  13003.50                   
0.585    533.75   8774.22  12659.40                   
0.624   2259.25   8605.91  12332.70                   
0.663   4053.00   8438.13  12021.10                   
0.702   5727.50   8276.49  11799.50                   
0.741   6869.00   8140.91  11656.60                   
0.780   8326.25   8051.16  11936.70                   
0.819   9824.50   8010.19  12384.80                   
0.858  11238.80   8109.41  13484.60                   
0.897  13185.20   8423.75  15282.90                   
0.936  16215.20   9023.93  18172.00                   
0.975  20537.00   9941.05  22332.20                   
1.014  25516.50  11313.20  27987.00                   
1.053  31754.20  13293.10  35411.80                   
1.092  39784.50  15971.70  44739.50                   
1.131  49609.80  19401.10  55818.30                   
1.170  62440.00  24161.70  71142.40                   
1.209  77073.00  29585.40  87042.20                   
1.248  93912.20  35959.70 104895.00                   
1.287 112493.00  43931.70 125656.00                   
1.326 133845.00  52501.10 147932.00                   
1.365 157979.00  62022.80 172412.00                   
1.404 184394.00  72442.50 199202.00                   
1.443 213662.00  83831.80 228850.00                   
1.482 247375.00  96005.80 260670.00                   
1.521 283535.00 109011.00 294803.00                   
1.560 321462.00 122789.00 330587.00                   
1.599 358514.00 137026.00 366859.00                   
1.638 395117.00 152009.00 403523.00                   
1.677 429112.00 166721.00 437574.00                   
1.716 456041.00 181009.00 468215.00                   
1.755 477238.00 194498.00 494205.00                   
1.794 492464.00 206910.00 514723.00                   
1.833 500836.00 217742.00 529211.00                   
1.872 500407.00 226906.00 538096.00                   
1.911 496409.00 234371.00 541871.00                   
1.950 490020.00 240213.00 541470.00                   
1.989 484661.00 244632.00 538052.00                   
2.028 474028.00 247961.00 532860.00                   
2.067 465441.00 250332.00 526579.00                   
2.106 457272.00 252057.00 519867.00                   
2.145 451252.00 253196.00 513068.00                   
2.184 444769.00 253888.00 506195.00                   
2.223 436440.00 253881.00 498708.00                   
2.262 429157.00 253081.00 490221.00                   
2.301 421852.00 251489.00 480661.00                   
2.340 413167.00 248921.00 469574.00                   
2.379 401994.00 245148.00 456238.00                   
2.418 390460.00 240275.00 441188.00                   
2.457 378980.00 234628.00 425805.00                   
2.496 365155.00 228125.00 409158.00                   
2.535 350428.00 220988.00 391758.00                   
2.574 336836.00 213124.00 373610.00                   
2.613 325191.00 205683.00 356511.00                   
2.652 314135.00 198333.00 340039.00                   
2.691 303279.00 191261.00 324473.00                   
2.730 294086.00 184616.00 310012.00                   
2.769 286596.00 178458.00 296571.00                   
2.808 280740.00 172981.00 284697.00                   
2.847 274744.00 168074.00 273933.00                   
2.886 271016.00 163600.00 264006.00                   
2.925 267144.00 159607.00 255057.00                   
2.964 262689.00 155865.00 246619.00                   
3.003 257779.00 152574.00 238995.00                   
3.042 253568.00 149354.00 231479.00                   
3.081 248314.00 146357.00 224490.00                   
3.120 242276.00 143648.00 218168.00                   
3.159 236013.00 141043.00 212098.00                   
3.198 229932.00 138488.00 206219.00                   
3.237 222923.00 135884.00 200439.00                   
3.276 215469.00 133474.00 195022.00                   
3.315 209094.00 131079.00 189768.00                   
3.354 201773.00 128692.00 184672.00                   
3.393 195488.00 126306.00 179716.00                   
3.432 188725.00 123912.00 174882.00                   
3.471 181742.00 121465.00 170111.00                   
3.510 175494.00 118919.00 165302.00                   
3.549 168801.00 116329.00 160573.00                   
3.588 161968.00 113629.00 155792.00                   
3.627 156661.00 110804.00 150940.00                   
3.666 149876.00 107840.00 145984.00                   
3.705 144549.00 104740.00 140919.00                   
3.744 137759.00 101518.00 135766.00                   
3.783 131572.00  98157.10 130491.00                   
3.822 125235.00  94719.20 125184.00                   
3.861 119068.00  91277.70 119941.00                   
3.900 112680.00  87805.10 114712.00                   
3.939 107443.00  84328.10 109527.00                   
3.978 102751.00  80886.80 104441.00                   
4.017  97786.50  77538.00  99529.00                   
4.056  93296.00  74304.40  94814.00                   
4.095  89003.50  71203.40  90318.70                   
4.134  85251.50  68253.20  86063.90                   
4.173  81575.50  65467.60  82067.40                   
4.212  78082.00  62842.40  78316.00                   
4.251  75316.80  60389.60  74826.00                   
4.290  72378.80  58096.70  71576.50                   
4.329  69897.20  55942.10  68536.70                   
4.368  67728.50  53949.20  65735.20                   
4.407  65215.20  52067.30  63100.60                   
4.446  63459.00  50317.40  60660.90                   
4.485  61702.00  48678.60  58386.40                   
4.524  59447.80  47130.30  56246.00                   
4.563  57963.50  45681.30  54247.80                   
4.602  55912.50  44270.20  52310.30                   
4.641  55047.20  42947.00  50512.40                   
4.680  53134.80  41731.00  48865.40                   
4.719  51613.50  40607.70  47338.90                   
4.758  50314.50  39540.80  45895.50                   
4.797  49448.50  38547.60  44551.40                   
4.836  48391.00  37624.40  43303.60                   
4.875  47165.00  36761.10  42137.20                   
4.914  46560.20  35969.70  41066.90                   
4.953  46090.80  35243.20  40082.50                   
4.992  45133.80  34576.50  39177.00                   
5.031  44257.50  33976.70  38360.70                   
5.070  43664.00  33456.80  37643.50                   
5.109  43628.50  33048.60  37055.50                   
5.148  43377.50  32882.50  36726.40                   
5.187  42825.20  33126.10  36821.00                   
5.226  42753.00  33341.80  36901.70                   
5.265  43006.80  33559.80  36999.00                   
5.304  42802.00  33946.40  37278.80                   
5.343  43009.50  34519.10  37754.40                   
5.382  43412.20  35310.50  38464.00                   
5.421  43672.50  36342.20  39425.10                   
5.460  44205.20  37617.80  40639.50                   
5.499  45050.20  39176.90  42148.40                   
5.538  46680.50  41042.40  43973.00                   
5.577  48040.50  43219.00  46118.00                   
5.616  49397.80  45725.20  48600.90                   
5.655  51800.00  48568.40  51428.30                   
5.694  53837.20  51745.50  54596.40                   
5.733  56096.20  55253.50  58101.10                   
5.772  59105.20  59056.20  61905.50                   
5.811  61745.80  63130.30  65985.70                   
5.850  65567.50  67420.90  70284.00                   
5.889  69073.50  71873.70  74745.60                   
5.928  72974.50  76420.00  79301.30                   
5.967  76151.20  80974.80  83863.20                   
6.006  80405.00  85451.10  88344.30                   
6.045  84155.20  89765.90  92659.10                   
6.084  87187.20  93819.00  96707.40                   
6.123  91089.20  97497.60 100375.00                   
6.162  94360.80 100716.00 103575.00                   
6.201  97144.00 103393.00 106225.00                   
6.240  99267.00 105474.00 108272.00                   
6.279 100749.00 107016.00 109771.00                   
6.318 101878.00 107788.00 110493.00                   
6.357 102862.00 107868.00 110514.00                   
6.396 102484.00 107260.00 109841.00                   
6.435 102058.00 106008.00 108517.00                   
6.474 100363.00 104151.00 106583.00                   
6.513  98990.20 101792.00 104144.00                   
6.552  96650.50  98936.90 101205.00                   
6.591  94026.80  95719.20  97901.40                   
6.630  90753.20  92227.20  94323.00                   
6.669  87465.00  88548.50  90557.90                   
6.708  84596.50  84793.80  86718.10                   
6.747  81541.20  81040.80  82882.30                   
6.786  78098.00  77394.30  79155.30                   
6.825  75181.50  73882.20  75565.60                   
6.864  72380.20  70595.50  72205.20                   
6.903  69516.50  67559.50  69098.80                   
6.942  66794.50  64806.40  66279.40                   
6.981  64393.00  62357.20  63767.30                   
7.020  62115.20  60211.60  61562.70                   
7.059  60201.20  58358.30  59653.50                   
7.098  58516.50  56798.70  58041.70                   
7.137  56989.00  55483.70  56677.10                   
7.176  55980.00  54408.70  55555.60                   
7.215  54444.00  53520.40  54623.20                   
7.254  53406.00  52794.10  53854.70                   
7.293  53094.20  52187.70  53208.20                   
7.332  52660.20  51668.90  52651.10                   
7.371  51528.20  51206.50  52150.20                   
7.410  50971.20  50764.70  51671.60                   
7.449  50327.50  50296.30  51168.70                   
7.488  49779.20  49717.80  50558.00                   
7.527  49156.80  49014.90  49824.20                   
7.566  48596.80  48400.80  49180.30                   
7.605  47984.50  47918.40  48668.50                   
7.644  47356.50  47353.60  48075.40                   
7.683  46394.20  46692.80  47387.00                   
7.722  45897.00  45948.10  46615.50                   
7.761  44822.80  45129.40  45770.70                   
7.800  44335.20  44251.50  44867.50                   
7.839  43326.00  43312.40  43904.00                   
7.878  42273.50  42330.20  42897.90                   
7.917  41632.50  41314.80  41859.60                   
7.956  40828.00  40276.90  40799.40                   
7.995  39927.80  39235.10  39736.50                   
8.034  38976.50  38188.30  38668.90                   
8.073  38338.20  37142.00  37602.60                   
8.112  37108.50  36109.70  36551.10                   
8.151  36341.80  35098.50  35521.30                   
8.190  35287.00  34113.20  34518.10                   
8.229  34569.00  33167.40  33555.40                   
8.268  33836.00  32247.70  32619.10                   
8.307  32961.50  31364.80  31720.40                   
8.346  32514.20  30520.10  30860.40                   
8.385  31412.80  29723.00  30048.80                   
8.424  30553.80  28956.20  29268.00                   
8.463  29733.00  28225.50  28523.70                   
8.502  29117.00  27542.70  27828.20                   
8.541  28435.80  26875.90  27148.90                   
8.580  27969.20  26240.60  26501.80                   
8.619  27123.20  25661.80  25911.70                   
8.658  26285.50  25098.30  25337.30                   
8.697  26000.50  24568.70  24797.40                   
8.736  25448.50  24055.70  24274.30                   
8.775  24726.00  23558.10  23767.00                   
8.814  23997.80  23010.40  23210.20                   
8.853  23566.80  22570.60  22761.50                   
8.892  23103.00  22149.10  22331.60                   
8.931  22530.50  21728.10  21902.60                   
8.970  22302.00  21323.70  21490.40                   
9.009  21798.80  20918.30  21077.60                   
9.048  21518.00  20528.40  20680.70                   
9.087  20848.80  20144.80  20290.30                   
9.126  20450.50  19728.60  19867.50                   
9.165  20033.50  19364.50  19497.30                   
9.204  19580.50  18996.10  19122.90                   
9.243  19175.20  18639.60  18760.70                   
9.282  18863.80  18283.70  18399.40                   
9.321  18475.80  17928.10  18038.40                   
9.360  18188.50  17584.00  17689.40                   
9.399  17661.20  17222.10  17322.70                   
9.438  17378.00  16890.50  16986.60                   
9.477  17142.80  16562.60  16654.30                   
9.516  16643.00  16228.60  16316.00                   
9.555  16545.50  15909.40  15992.80                   
9.594  16160.50  15594.30  15674.00                   
9.633  15786.80  15283.60  15359.70                   
9.672  15425.00  14970.60  15043.10                   
9.711  15319.00  14669.30  14738.40                   
9.750  14960.00  14370.20  14436.20                   
9.789  14552.20  14078.40  14141.30                   
9.828  14546.00  13783.10  13843.00                   
9.867  14029.20  13500.10  13557.30                   
9.906  13983.50  13219.50  13274.00                   
9.945  13737.50  12946.00  12997.90                   
9.984  12974.20  12676.60  12726.10                   
                                                      
                                                      
                                                      
-4.2135337e-02   0.0000000e+00  0.00000  1.3952392e-11
-3.4353383e-03   0.0000000e+00  0.00000  8.6822778e-11
 3.5264661e-02   0.0000000e+00  0.00000  5.1115779e-10
 7.3964660e-02   0.0000000e+00  0.00000  2.8471649e-09
 1.1266466e-01   0.0000000e+00  0.00000  1.5003987e-08
 1.5136466e-01   0.0000000e+00  0.00000  7.4806149e-08
 1.9006466e-01   0.0000000e+00  0.00000  3.5286189e-07
 2.2876466e-01   0.0000000e+00  0.00000  1.5747419e-06
 2.6746465e-01   0.0000000e+00  0.00000  6.6489282e-06
 3.0616465e-01   0.0000000e+00  0.00000  2.6560246e-05
 3.4486465e-01   0.0000000e+00  0.00000  1.0038099e-04
 3.8356465e-01   0.0000000e+00  0.00000  3.5893085e-04
 4.2226465e-01   4.5154729e-01  1.00000  1.2142586e-03
 4.6096465e-01   3.8493897e+00 19.07880  3.8864606e-03
 4.9966465e-01   1.0386128e+01 34.45290  1.1769066e-02
 5.3836465e-01  -1.8282040e+01 32.87860  3.3719177e-02
 5.7706465e-01  -2.8025128e+01 31.48020  9.1403435e-02
 6.1576465e-01   4.3174785e+01 31.76480  2.3442451e-01
 6.5446464e-01  -2.3475465e+01 29.91650  5.6885850e-01
 6.9316464e-01  -1.9138742e+01 29.51270  1.3060924e+00
 7.3186464e-01  -2.1147701e+01 29.22330  2.8374117e+00
 7.7056464e-01  -3.0608208e+01 28.79240  5.8326201e+00
 8.0926464e-01  -5.5161941e+00 28.35490  1.1345334e+01
 8.4796464e-01   1.8305056e+01 28.17800  2.0883832e+01
 8.8666464e-01   5.7219144e+01 28.84440  3.6381499e+01
 9.2536464e-01   3.1327043e+01 28.33730  5.9990601e+01
 9.6406464e-01   8.9985428e+01 29.00000  9.3647796e+01
 1.0027646e+00   1.5673868e+02 30.05000  1.3843343e+02
 1.0414646e+00   2.1691254e+02 30.78960  1.9386044e+02
 1.0801646e+00   2.7084862e+02 31.57530  2.5734115e+02
 1.1188646e+00   3.7406645e+02 32.81770  3.2412470e+02
 1.1575646e+00   4.1649601e+02 33.52610  3.8791571e+02
 1.1962646e+00   3.9280668e+02 33.31670  4.4216677e+02
 1.2349646e+00   4.6302451e+02 34.01470  4.8175259e+02
 1.2736646e+00   5.5753306e+02 35.00000  5.0450918e+02
 1.3123646e+00   5.0960594e+02 34.59770  5.1208223e+02
 1.3510646e+00   4.9230423e+02 34.42380  5.0972118e+02
 1.3897646e+00   5.3273583e+02 34.82810  5.0501187e+02
 1.4284646e+00   5.3074682e+02 34.77070  5.0590847e+02
 1.4671646e+00   5.6614544e+02 35.18520  5.1864931e+02
 1.5058646e+00   5.2272483e+02 34.71310  5.4614297e+02
 1.5445646e+00   5.6516539e+02 35.35530  5.8722132e+02
 1.5832646e+00   6.2452206e+02 35.97220  6.3687655e+02
 1.6219646e+00   6.7661001e+02 36.46920  6.8734154e+02
 1.6606646e+00   7.2322931e+02 37.58990  7.2970300e+02
 1.6993646e+00   7.2026636e+02 37.01350  7.5566846e+02
 1.7380646e+00   7.9165195e+02 38.13140  7.5912159e+02
 1.7767646e+00   8.1899763e+02 38.31450  7.3717379e+02
 1.8154646e+00   6.4581481e+02 35.98610  6.9053750e+02
 1.8541646e+00   5.5482377e+02 34.91420  6.2319409e+02
 1.8928646e+00   5.4715846e+02 34.64100  5.4148097e+02
 1.9315646e+00   4.9859902e+02 33.97060  4.5284275e+02
 1.9702646e+00   3.4277084e+02 31.62280  3.6454540e+02
 2.0089646e+00   3.4462304e+02 31.28900  2.8262552e+02
 2.0476646e+00   2.3211652e+02 29.59730  2.1125145e+02
 2.0863646e+00   1.3582377e+02 28.28430  1.5254522e+02
 2.1250646e+00   1.0527532e+02 27.74890  1.0679690e+02
 2.1637646e+00   7.4354307e+01 26.60830  7.2929244e+01
 2.2024646e+00   3.2171489e+01 25.80700  4.9051409e+01
 2.2411646e+00   4.6299341e+01 26.26790  3.2968125e+01
 2.2798646e+00  -8.0373824e+00 25.76820  2.2563277e+01
 2.3185646e+00   4.8774908e+01 25.92300  1.6031770e+01
 2.3572646e+00   1.8772875e+01 25.67100  1.1975211e+01
 2.3959646e+00  -5.2777612e+01 24.59670  9.3988495e+00
 2.4346646e+00   3.5371246e+00 25.23890  7.6515570e+00
 2.4733646e+00   1.0365300e+01 25.33770  6.3436982e+00
 2.5120646e+00   4.5827841e+01 26.00000  5.2661856e+00
 2.5507646e+00   2.4827841e+01 25.59300  4.3229499e+00
 2.5894646e+00   3.3979712e+01 25.55390  3.4808210e+00
 2.6281646e+00  -3.1969389e+01 24.71840  2.7359123e+00
 2.6668646e+00  -4.1324031e+01 24.49490  2.0933809e+00
 2.7055646e+00  -3.9254160e+00 25.11970  1.5569058e+00
 2.7442646e+00   9.0855773e+00 25.33770  1.1245788e+00
 2.7829646e+00  -3.3958396e+01 24.63740  7.8857472e-01
 2.8216646e+00  -1.8720612e+01 24.73860  5.3668924e-01
 2.8603646e+00   4.5565599e+01 21.00000  3.5446973e-01
 2.8990646e+00  -1.9513388e+01 20.17420  2.2718814e-01
 2.9377646e+00  -7.2955565e+00 19.89970  1.4129580e-01
 2.9764646e+00  -3.8440092e+00 20.00000  8.5271401e-02
 3.0151646e+00   3.1867308e+01 20.54260  4.9934972e-02
 3.0538646e+00   7.5126666e+00 19.89970  2.8374741e-02
 3.0925646e+00  -6.4006874e+01 18.78830  1.5645301e-02
 3.1312646e+00  -1.5498327e+01 19.36490  8.3706748e-03
 3.1699646e+00  -3.4673808e+00 19.94990  4.3457165e-03
 3.2086646e+00  -1.2694171e+01 19.92490  2.1892058e-03
 3.2473646e+00   2.8686525e+01 20.04990  1.0701287e-03
 3.2860646e+00   1.5267957e+01 19.54480  5.0758606e-04
 3.3247646e+00   2.8858349e+01 20.09980  2.3361868e-04
 3.3634646e+00  -1.4863962e+01 19.39070  1.0433492e-04
 3.4021646e+00  -1.6712090e+01 19.05260  4.5214317e-05
 3.4408646e+00   3.8794423e+01 20.22370  1.9012818e-05
 3.4795646e+00   5.2256964e+01 20.51830  7.7578474e-06
 3.5182646e+00  -3.7340766e+00 19.49360  3.0715683e-06
 3.5569646e+00  -7.4962928e+00 19.13110  1.1800579e-06
 3.5956646e+00   7.5147005e+00 19.46790  4.3991695e-07
 3.6343646e+00   5.2567633e+01 20.76050  1.5913374e-07
 3.6730646e+00  -2.5088719e+01 18.89440  5.5857058e-08
 3.7117646e+00   1.4245971e+01 19.62140  1.9024710e-08
 3.7504646e+00  -7.0317183e+00 18.65480  6.2875618e-09
 3.7891646e+00   3.4087174e+01 19.59590  2.0163721e-09
 3.8278646e+00   4.8109160e+01 19.84940  6.2745606e-10
 3.8665646e+00  -8.8089955e+00 19.28730  1.8946115e-10
 3.9052646e+00   3.8237011e+01 19.84940  5.5511276e-11
 3.9439646e+00   8.8803356e+00 19.49360  1.5782161e-11
 3.9826646e+00   1.5472761e+01 19.44220  4.3538750e-12
 4.0213646e+00  -1.6990630e+00 18.94730  1.1654929e-12
 4.0600646e+00  -3.9514212e+01 17.43560  3.0273842e-13
 4.0987646e+00  -2.6945806e+01 18.13840  7.6304411e-14
 4.1374646e+00   1.0882369e+01 19.10500  1.8661905e-14
 4.1761646e+00   1.7239045e+01 18.86800  4.4288043e-15
 4.2148646e+00  -1.3245482e+01 18.19340  1.0198616e-15
 4.2535646e+00   3.0871736e+00 18.78830  2.2788733e-16
 4.2922646e+00   1.0602647e+01 19.13110  4.9410967e-17
 4.3309645e+00   3.1357937e+01 19.10500  1.0395628e-17
 4.3696645e+00   5.5627413e+00 18.30300  2.1222782e-18
 4.4083645e+00  -9.8908399e+00 18.33030  4.2041491e-19
 4.4470645e+00  -2.8049278e+00 18.54720  8.0812421e-20
 4.4857645e+00  -1.7318367e+01 17.52140  1.5073091e-20
 4.5244645e+00  -4.6530561e+00 18.19340  2.7280402e-21
 4.5631645e+00  -1.2373333e+01 17.94440  4.7909695e-22
 4.6018645e+00  -1.9448252e+01 17.66350  8.1643245e-23
 4.6405645e+00  -1.7813887e+01 17.72000  1.3500235e-23
 4.6792645e+00   1.0016322e+01 17.97220  2.1661403e-24
 4.7179645e+00   9.7565521e+00 18.35760  3.3725320e-25
 4.7566645e+00  -2.4157536e+01 17.43560  5.0950655e-26
 4.7953645e+00  -1.6049637e+01 17.57840  7.4690898e-27
 4.8340645e+00   9.3709643e+00 18.00000  1.0624532e-27
 4.8727645e+00  -1.8941738e+01 17.40690  1.4664799e-28
 4.9114645e+00  -1.3932857e+00 17.88850  1.9641139e-29
 4.9501645e+00  -1.1338319e+01 17.32050  2.5525921e-30
 4.9888645e+00  -3.3952732e+01 17.02940  3.2189956e-31
 5.0275645e+00  -1.9380259e+01 16.82260  3.9389779e-32
 5.0662645e+00  -1.5521137e+01 17.20470  4.6770384e-33
 5.1049645e+00  -1.2164461e+01 16.85230  5.3886817e-34
 5.1436645e+00  -8.1974410e+00 17.14640  6.0244629e-35
 5.1823645e+00  -1.2637995e+01 16.94110  6.5354929e-36
 5.2210645e+00   1.2500850e+01 17.88850  6.8795903e-37
 5.2597645e+00  -4.4971166e+00 16.91150  7.0270172e-38
 5.2984645e+00  -1.5787833e+01 16.67330  6.9647201e-39
 5.3371645e+00  -5.4551775e+00 17.14640  6.6982373e-40
 5.3758645e+00  -4.1115288e+00 17.29160  6.2508863e-41
 5.4145645e+00   2.7460944e+01 17.57840  5.6603969e-42
 5.4532645e+00  -2.3369265e+01 16.64330  4.9736632e-43
 5.4919645e+00   3.0086350e+01 17.23370  4.2406271e-44
 5.5306645e+00  -3.2347279e+01 16.24810  3.5083911e-45
 5.5693645e+00   8.4059780e+00 17.32050  2.8165024e-46
 5.6080645e+00   1.9311106e+01 17.17560  2.1939992e-47
 5.6467645e+00   8.5997888e+00 17.26270  1.6583913e-48
 5.6854645e+00   6.6307347e+00 17.52140  1.2163590e-49
 5.7241645e+00  -2.7807785e+01 15.90600  8.6568669e-51
 5.7628645e+00  -6.4492053e-01 16.34010  5.9783856e-52
 5.8015645e+00  -2.1118454e+01 15.81140  4.0061879e-53
 5.8402645e+00  -8.5720355e+00 16.70330  2.6049711e-54
 5.8789645e+00  -2.3734625e-01 16.61320  1.6436098e-55
 5.9176645e+00  -6.8685966e-01 16.06240  1.0062798e-56
 5.9563645e+00  -4.0875085e+00 16.67330  5.9780975e-58
 5.9950645e+00  -4.1517069e+01 15.36230  3.4461283e-59
 6.0337645e+00   2.2839607e+01 16.88190  1.9276319e-60
 6.0724645e+00  -2.0655219e+00 16.61320  1.0462633e-61
 6.1111645e+00  -6.4071367e+00 15.84300  5.5103864e-63
 6.1498645e+00   9.9365119e+00 16.46210  2.8160953e-64
 6.1885645e+00   1.8689769e+01 16.58310  1.3964868e-65
 6.2272645e+00  -2.2243191e+00 15.96870  6.7197105e-67
 6.2659645e+00  -2.3542043e+00 16.18640  3.1375343e-68
 6.3046645e+00  -1.4545981e+01 15.32970  1.4215123e-69
 6.3433645e+00  -1.8728799e+01 15.19870  6.2493805e-71
 6.3820645e+00   1.7068431e+01 15.93740  2.6659225e-72
 6.4207645e+00  -1.5385150e+01 15.42720  1.1035253e-73
 6.4594645e+00   2.2015499e+01 15.87450  4.4324238e-75
 6.4981645e+00  -1.9737758e+01 14.66290  1.7275255e-76
 6.5368645e+00   7.9495391e+00 15.81140  6.5332890e-78
 6.5755645e+00   1.0240255e+01 15.77970  2.3975269e-79
 6.6142645e+00   7.7357756e+00 15.45960  8.5372757e-81
 6.6529645e+00   7.1763297e+00 15.52420  2.9498460e-82
 6.6916645e+00   1.8123397e+01 15.65250  9.8901661e-84
 6.7303645e+00   2.0438134e+01 14.93320  3.2175999e-85
 6.7690645e+00   3.2458087e+01 15.74800  1.0157450e-86
 6.8077645e+00  -6.0594203e+00 14.86610  3.1114411e-88
 6.8464645e+00  -9.6168324e+00 14.24780  9.2483164e-90
 6.8851645e+00   5.0065392e+00 14.83240  2.6673990e-91
 6.9238645e+00   9.0963384e-01 14.73090  7.4651320e-93
 6.9625645e+00   2.0867695e+01 15.09970  2.0272682e-94
 7.0012645e+00   1.3105479e+01 14.49140  5.3420648e-96
 7.0399645e+00  -4.0541913e+01 13.22880  1.3659390e-97
 7.0786645e+00   6.7398434e+00 14.28290  3.3890475e-99
 7.1173645e+00   8.2133772e+00 14.21270 8.1592120e-101
 7.1560645e+00  -2.3216184e+01 12.88410 1.9060882e-102
 7.1947645e+00  -1.5420988e+01 13.34170 4.3207783e-104
 7.2334645e+00   1.1557026e+01 14.45680 9.5039728e-106
 7.2721645e+00  -2.9474538e+00 13.67480 2.0284887e-107
 7.3108645e+00   1.0299289e+01 14.31780 4.2011116e-109
 7.3495645e+00  -4.9364606e+00 13.52770 8.4426746e-111
 7.3882645e+00  -1.0656738e+01 13.26650 1.6463421e-112
 7.4269645e+00  -2.8420988e+01 12.84520 3.1151886e-114
 7.4656645e+00  -3.7955822e+00 13.22880 5.7196943e-116
 7.5043645e+00   8.5700530e+00 13.67480 1.0190265e-117
 7.5430645e+00  -1.8892488e+01 12.68860 1.7616612e-119
 7.5817645e+00   2.6119921e+00 13.78400 2.9551769e-121
 7.6204645e+00   3.5043587e+01 14.49140 4.8102627e-123
 7.6591645e+00  -8.4519335e+00 13.19090 7.5976330e-125
 7.6978645e+00   1.0106070e+00 13.49070 1.1644264e-126
 7.7365645e+00  -1.4075305e+01 12.88410 1.7316894e-128
 7.7752645e+00  -6.8768349e-01 13.22880 2.4989188e-130
 7.8139645e+00   1.0607021e-02 13.45360 3.4991174e-132
 7.8526645e+00  -1.3418954e+01 12.76710 4.7543274e-134
 7.8913645e+00  -7.6457444e+00 13.30410 6.2682148e-136
 7.9300645e+00   2.9710931e+01 14.10670 8.0190490e-138
 7.9687645e+00   4.9513408e-01 13.26650 9.9546519e-140
 8.0074645e+00   1.6247871e-01 13.03840 1.1990947e-141
 8.0461645e+00  -1.0557798e+01 12.56980 1.4015388e-143
 8.0848645e+00  -1.5987359e+01 12.16550 1.5895748e-145
 8.1235645e+00  -1.4117244e+01 12.53000  0.0000000e+00
 8.1622645e+00  -2.5267082e+01 11.83220  0.0000000e+00
 8.2009644e+00  -2.5707636e+01 11.70470  0.0000000e+00
 8.2396644e+00   2.1173472e+01 13.74770  0.0000000e+00
 8.2783644e+00   1.3732918e+01 13.37910  0.0000000e+00
 8.3170644e+00  -4.1701767e+00 12.64910  0.0000000e+00
 8.3557644e+00   6.7878842e+00 12.72790  0.0000000e+00
 8.3944644e+00  -2.1051285e+01 11.74730  0.0000000e+00
 8.4331644e+00   2.0358323e+01 13.07670  0.0000000e+00
 8.4718644e+00   4.4971680e+00 12.76710  0.0000000e+00
 8.5105644e+00  -9.2760414e+00 11.87430  0.0000000e+00
 8.5492644e+00  -1.0630683e+01 11.74730  0.0000000e+00
 8.5879644e+00  -9.7385820e+00 11.91640  0.0000000e+00
 8.6266644e+00  -5.9963185e+00 11.95830  0.0000000e+00
 8.6653644e+00  -6.9523454e+00 11.57580  0.0000000e+00
 8.7040644e+00   5.5961073e+00 12.08300  0.0000000e+00
 8.7427644e+00  -1.7769528e+01 11.09050  0.0000000e+00
 8.7814644e+00  -3.0162711e+00 11.53260  0.0000000e+00
 8.8201644e+00  -1.8500798e+01 11.09050  0.0000000e+00
 8.8588644e+00  -9.8664333e+00 11.48910  0.0000000e+00
 8.8975644e+00   1.4704006e+01 12.32880  0.0000000e+00
 8.9362644e+00   2.5124607e+01 12.32880  0.0000000e+00
 8.9749644e+00   1.4682560e+00 11.48910  0.0000000e+00
 9.0136644e+00  -1.5595670e+01 10.48810  0.0000000e+00
 9.0523644e+00  -1.2829669e+00 10.81670  0.0000000e+00
 9.0910644e+00  -1.5317440e+00 11.35780  0.0000000e+00
 9.1297644e+00   3.2325060e+00 11.26940  0.0000000e+00
 9.1684644e+00   1.2049688e+01 11.66190  0.0000000e+00
 9.2071644e+00   1.6311209e+00 10.90870  0.0000000e+00
 9.2458644e+00  -1.9036224e+01 10.19800  0.0000000e+00
 9.2845644e+00   1.2534216e+01 11.44550  0.0000000e+00
 9.3232644e+00  -1.5959271e+01  9.64365  0.0000000e+00
 9.3619644e+00  -1.3809433e+01 10.04990  0.0000000e+00
 9.4006644e+00  -5.1750683e+00 10.48810  0.0000000e+00
 9.4393644e+00   7.7500128e+00 10.95450  0.0000000e+00
 9.4780644e+00  -1.9078163e+01  9.74679  0.0000000e+00
 9.5167644e+00  -2.3690541e+01  9.27362  0.0000000e+00
 9.5554644e+00   3.9637763e+00 11.26940  0.0000000e+00
 9.5941644e+00   5.5452088e+00 11.04540  0.0000000e+00
 9.6328644e+00   1.0936615e+00 10.81670  0.0000000e+00
 9.6715644e+00   9.5891818e+00 10.86280  0.0000000e+00
 9.7102644e+00   1.0771999e+01 10.90870  0.0000000e+00
 9.7489644e+00   1.1589182e+01 10.95450  0.0000000e+00
 9.7876644e+00   0.0000000e+00  0.00000  0.0000000e+00
 9.8263644e+00   0.0000000e+00  0.00000  0.0000000e+00
                                                      
                                                      
                                                      
-6.6489236e-02   0.0000000e+00  0.00000  1.9577351e-12
-2.6289237e-02   0.0000000e+00  0.00000  1.3544481e-11
 1.3910762e-02   0.0000000e+00  0.00000  8.8267928e-11
 5.4110761e-02   0.0000000e+00  0.00000  5.4184573e-10
 9.4310760e-02   0.0000000e+00  0.00000  3.1331452e-09
 1.3451076e-01   0.0000000e+00  0.00000  1.7065442e-08
 1.7471076e-01   0.0000000e+00  0.00000  8.7556159e-08
 2.1491076e-01   0.0000000e+00  0.00000  4.2314383e-07
 2.5511076e-01   0.0000000e+00  0.00000  1.9262892e-06
 2.9531076e-01   0.0000000e+00  0.00000  8.2601346e-06
 3.3551075e-01   0.0000000e+00  0.00000  3.3364523e-05
 3.7571075e-01   0.0000000e+00  0.00000  1.2694480e-04
 4.1591075e-01   0.0000000e+00  0.00000  4.5496404e-04
 4.5611075e-01  -3.9225657e-01 12.53000  1.5359301e-03
 4.9631075e-01   1.6009124e+01 33.77870  4.8842516e-03
 5.3651075e-01  -3.3969706e+01 34.24910  1.4630423e-02
 5.7671075e-01   6.5025661e+01 34.45290  4.1280791e-02
 6.1691075e-01  -4.5727771e+01 32.28000  1.0971638e-01
 6.5711075e-01  -1.7526350e+01 31.81190  2.7468022e-01
 6.9731075e-01   7.9472720e+00 31.52780  6.4776251e-01
 7.3751074e-01  -2.8082826e+01 30.69200  1.4389209e+00
 7.7771074e-01  -9.5776178e+00 30.36450  3.0108625e+00
 8.1791074e-01  -1.1120533e+01 29.66480  5.9344185e+00
 8.5811074e-01  -3.1069433e+01 28.98280  1.1017909e+01
 8.9831074e-01   2.3268916e+01 29.95000  1.9268802e+01
 9.3851074e-01   3.0338040e+01 29.49580  3.1742855e+01
 9.7871074e-01   4.3068815e+01 29.08610  4.9257793e+01
 1.0189107e+00   5.4811663e+01 29.17190  7.2002022e+01
 1.0591107e+00   7.4055254e+01 29.29160  9.9142604e+01
 1.0993107e+00   1.1652739e+02 29.46180  1.2859684e+02
 1.1395107e+00   1.8417548e+02 30.23240  1.5713355e+02
 1.1797107e+00   1.7290179e+02 29.98330  1.8088429e+02
 1.2199107e+00   1.8043412e+02 30.09980  1.9618643e+02
 1.2601107e+00   1.7335292e+02 30.05000  2.0051616e+02
 1.3003107e+00   2.0891981e+02 30.34800  1.9318745e+02
 1.3405107e+00   1.1941907e+02 28.93100  1.7555243e+02
 1.3807107e+00   1.6721153e+02 29.47880  1.5062354e+02
 1.4209107e+00   1.4798745e+02 28.93100  1.2226192e+02
 1.4611107e+00   7.2713760e+01 27.53180  9.4230665e+01
 1.5013107e+00   3.8438582e+01 27.03700  6.9426635e+01
 1.5415107e+00   3.7003987e+01 26.88870  4.9490100e+01
 1.5817107e+00   6.4088160e+01 26.90720  3.4820020e+01
 1.6219107e+00  -7.9779883e+00 25.76820  2.4880823e+01
 1.6621107e+00  -1.2898279e+01 25.80700  1.8626134e+01
 1.7023107e+00   3.9441559e+01 26.64580  1.4886483e+01
 1.7425107e+00  -1.6525367e+01 25.45580  1.2635007e+01
 1.7827107e+00   2.1298677e+01 25.98080  1.1114732e+01
 1.8229107e+00  -1.1170481e+01 25.55390  9.8562183e+00
 1.8631107e+00   2.4587416e+01 26.26790  8.6300523e+00
 1.9033107e+00   1.0073111e+01 25.72940  7.3737589e+00
 1.9435107e+00   5.0187382e+01 26.30590  6.1195683e+00
 1.9837107e+00   9.3001654e+00 25.53430  4.9365977e+00
 2.0239107e+00  -3.3782520e+01 24.98000  3.8919017e+00
 2.0641107e+00   3.9044501e+01 25.76820  3.0294982e+00
 2.1043107e+00  -1.2166016e+01 24.87970  2.3637621e+00
 2.1445107e+00  -1.9701323e+01 25.17940  1.8825348e+00
 2.1847107e+00   4.1026476e+01 26.07680  1.5553557e+00
 2.2249107e+00   3.6624954e+01 25.74880  1.3430367e+00
 2.2651107e+00   1.7560294e+01 25.39690  1.2060175e+00
 2.3053107e+00  -1.5698347e+01 24.81930  1.1102126e+00
 2.3455107e+00   5.5542269e+01 26.40080  1.0300966e+00
 2.3857107e+00   4.1256981e+00 25.00000  9.4943142e-01
 2.4259107e+00   1.5640003e+01 25.49510  8.6033432e-01
 2.4661107e+00   3.7122722e+01 26.07680  7.6140955e-01
 2.5063107e+00   1.4510683e+01 25.51470  6.5554827e-01
 2.5465107e+00   5.2204563e+00 25.31800  5.4783317e-01
 2.5867107e+00  -1.2053233e+01 24.89980  4.4381971e-01
 2.6269107e+00  -3.7299326e+00 24.96000  3.4832490e-01
 2.6671107e+00   1.9076087e+01 25.47550  2.6474300e-01
 2.7073107e+00   7.3196785e+00 25.00000  1.9482440e-01
 2.7475107e+00  -4.5943426e+01 24.67790  1.3880269e-01
 2.7877107e+00   3.1867058e+01 25.63200  9.5733917e-02
 2.8279107e+00   2.9734761e+01 26.05760  6.3919870e-02
 2.8681107e+00  -1.6750455e-01 25.33770  4.1314488e-02
 2.9083107e+00  -2.0159173e-02 25.02000  2.5850115e-02
 2.9485107e+00  -2.5958812e+01 19.62140  1.5657225e-02
 2.9887107e+00   3.1236656e+01 20.68820  9.1803380e-03
 3.0289107e+00   8.3659768e+00 20.07490  5.2106725e-03
 3.0691107e+00  -7.2159645e+00 19.92490  2.8629908e-03
 3.1093107e+00  -5.0634023e+01 18.54720  1.5227799e-03
 3.1495107e+00  -1.2632535e+01 19.26140  7.8405273e-04
 3.1897107e+00   2.1870453e+00 20.19900  3.9079083e-04
 3.2299107e+00   2.5027627e+01 20.42060  1.8855342e-04
 3.2701107e+00  -9.9738610e+00 19.82420  8.8067444e-05
 3.3103107e+00   1.4319342e+01 19.89970  3.9818722e-05
 3.3505107e+00   7.4952970e+00 20.00000  1.7428106e-05
 3.3907107e+00  -7.7453184e+00 19.36490  7.3842092e-06
 3.4309107e+00   2.6143386e+01 19.92490  3.0286476e-06
 3.4711107e+00  -1.2843053e+01 19.41650  1.2024982e-06
 3.5113107e+00   3.4964455e+01 20.42060  4.6217990e-07
 3.5515107e+00   7.8366228e+00 19.51920  1.7196047e-07
 3.5917107e+00  -2.0115254e+01 18.84140  6.1935140e-08
 3.6319107e+00   1.3692254e+01 19.51920  2.1594173e-08
 3.6721107e+00   8.5313472e+00 19.31320  7.2883121e-09
 3.7123107e+00   1.5629333e+00 19.26140  2.3812681e-09
 3.7525107e+00   3.8950894e+01 20.04990  7.5314839e-10
 3.7927107e+00   5.4418564e+01 20.44500  2.3059175e-10
 3.8329107e+00  -1.6710756e+01 18.68150  6.8343609e-11
 3.8731107e+00  -3.8400765e+00 19.07880  1.9608438e-11
 3.9133107e+00   3.5307269e+01 19.67230  5.4460173e-12
 3.9535107e+00  -4.9528597e+00 19.02630  1.4642188e-12
 3.9937107e+00  -1.6919786e+01 18.54720  3.8108679e-13
 4.0339107e+00   2.0808013e+01 19.15720  9.6013597e-14
 4.0741107e+00  -1.5211500e+01 18.86800  2.3417069e-14
 4.1143107e+00   1.7584017e+00 18.89440  5.5287029e-15
 4.1545107e+00   4.6517786e+01 19.79900  1.2635863e-15
 4.1947107e+00   4.5131314e+01 19.64690  2.7956161e-16
 4.2349107e+00   3.2695230e+01 19.44220  5.9874386e-17
 4.2751107e+00  -1.1079204e+01 18.33030  1.2413537e-17
 4.3153107e+00   2.2131314e+01 19.05260  2.4913858e-18
 4.3555107e+00   2.8567397e+01 19.10500  4.8403565e-19
 4.3957107e+00   4.1262122e+01 19.20940  9.1034217e-20
 4.4359107e+00  -1.0047618e+01 18.49320  1.6573831e-20
 4.4761107e+00  -4.0461298e+00 18.35760  2.9210036e-21
 4.5163107e+00  -1.8739366e+01 17.88850  4.9834743e-22
 4.5565106e+00  -2.1352893e+01 17.94440  8.2304444e-23
 4.5967106e+00   1.6535811e+01 18.65480  1.3158467e-23
 4.6369106e+00  -6.0130557e+00 18.13840  2.0364710e-24
 4.6771106e+00  -7.8972964e+00 17.49290  3.0509994e-25
 4.7173106e+00   4.5523485e+00 18.24830  4.4248337e-26
 4.7575106e+00  -3.0528849e+01 17.37810  6.2121612e-27
 4.7977106e+00  -3.3255159e+01 17.40690  8.4426624e-28
 4.8379106e+00  -1.0802538e+01 17.83260  1.1107263e-28
 4.8781106e+00   2.0489176e+01 18.41200  1.4145740e-29
 4.9183106e+00   1.8232024e+01 18.16590  1.7439546e-30
 4.9585106e+00  -2.3285257e+01 17.23370  2.0813046e-31
 4.9987106e+00   1.1087655e+01 17.80450  2.4045126e-32
 5.0389106e+00   1.1342897e+00 17.88850  2.6891152e-33
 5.0791106e+00  -1.1010080e+01 17.37810  2.9112714e-34
 5.1193106e+00  -1.6333380e+01 17.37810  3.0510331e-35
 5.1595106e+00   2.7147428e+00 17.97220  3.0952953e-36
 5.1997106e+00   1.3071118e+01 17.94440  3.0398222e-37
 5.2399106e+00   1.3297581e+00 17.49290  2.8899161e-38
 5.2801106e+00  -1.7664880e+00 17.29160  2.6595810e-39
 5.3203106e+00  -1.9439314e+00 17.29160  2.3693660e-40
 5.3605106e+00  -3.3879271e+01 16.30950  2.0433465e-41
 5.4007106e+00   4.1056798e+00 17.20470  1.7058578e-42
 5.4409106e+00   2.4233512e+01 18.02780  1.3785882e-43
 5.4811106e+00  -7.0416656e+00 17.34940  1.0784928e-44
 5.5213106e+00   1.9508690e+01 17.69180  8.1675327e-46
 5.5615106e+00   1.6049357e+00 17.29160  5.9876368e-47
 5.6017106e+00   1.9218463e+01 17.66350  4.2492370e-48
 5.6419106e+00  -3.3304041e+00 17.11720  2.9191566e-49
 5.6821106e+00   1.8977848e+01 17.37810  1.9413095e-50
 5.7223106e+00  -2.0008592e+01 16.79290  1.2497499e-51
 5.7625106e+00  -1.0343965e+01 16.34010  7.7882947e-53
 5.8027106e+00  -7.9078812e+00 16.27880  4.6984281e-54
 5.8429106e+00   4.7710351e-01 17.00000  2.7438081e-55
 5.8831106e+00   4.8834966e+01 17.74820  1.5511215e-56
 5.9233106e+00   7.3026363e+00 16.55290  8.4884588e-58
 5.9635106e+00   2.5609400e+01 17.02940  4.4967921e-59
 6.0037106e+00   1.7204902e+01 17.05870  2.3060447e-60
 6.0439106e+00   2.3753769e+01 17.14640  1.1447840e-61
 6.0841106e+00   2.0834966e+01 16.94110  5.5013636e-63
 6.1243106e+00   8.2078782e+00 16.12450  2.5592227e-64
 6.1645106e+00   3.9562765e+01 17.05870  1.1524889e-65
 6.2047106e+00  -5.9545162e+00 15.93740  5.0240777e-67
 6.2449106e+00   2.8350759e+01 17.23370  2.1201515e-68
 6.2851106e+00   3.8854480e+01 16.73320  8.6610068e-70
 6.3253106e+00   1.4950726e+01 16.12450  3.4250018e-71
 6.3655106e+00   4.9452958e+01 16.67330  1.3111252e-72
 6.4057106e+00   1.5290563e+01 15.87450  4.8586820e-74
 6.4459106e+00   5.6425293e-01 15.52420  1.7429452e-75
 6.4861106e+00   3.5774770e+01 16.43170  6.0525713e-77
 6.5263106e+00   9.1913964e-01 15.52420  2.0346375e-78
 6.5665106e+00  -2.6049274e+01 14.79860  6.6210231e-80
 6.6067106e+00  -8.3229639e+00 15.26430  2.0857109e-81
 6.6469106e+00  -2.1515456e+01 14.56020  6.3602481e-83
 6.6871106e+00  -1.4177220e+00 15.00000  1.8775216e-84
 6.7273106e+00  -1.2144032e+01 14.76480  5.3652105e-86
 6.7675106e+00  -1.8041947e+00 14.83240  1.4841559e-87
 6.8077106e+00   1.5857456e+01 15.32970  3.9743237e-89
 6.8479106e+00   6.0980711e+00 15.32970  1.0302388e-90
 6.8881106e+00   6.2123423e+00 15.00000  2.5852555e-92
 6.9283106e+00   7.4228598e+00 14.83240  6.2800051e-94
 6.9685106e+00  -1.3593677e+01 14.21270  1.4767516e-95
 7.0087106e+00   2.3266136e+00 14.52580  3.3615987e-97
 7.0489106e+00  -7.3350367e+00 14.28290  7.4075607e-99
 7.0891106e+00   1.4278491e+01 14.86610 1.5801398e-100
 7.1293106e+00  -6.6237752e+00 13.89240 3.2629223e-102
 7.1695106e+00   1.6535643e+01 15.16580 6.5224220e-104
 7.2097106e+00   5.4559339e+00 14.56020 1.2621239e-105
 7.2499106e+00   3.5780723e+01 15.03330 2.3642100e-107
 7.2901106e+00   4.0694611e+00 14.35270 4.2870745e-109
 7.3303106e+00   2.5537131e+01 15.09970 7.5253544e-111
 7.3705106e+00   7.4913657e-01 13.63820 1.2787446e-112
 7.4107106e+00  -1.9951990e+00 14.17740 2.1034473e-114
 7.4509106e+00  -1.2373025e+00 14.24780 3.3494259e-116
 7.4911106e+00   2.1571693e+01 14.38750 5.1629755e-118
 7.5313106e+00   9.9912401e+00 13.92840 7.7040783e-120
 7.5715106e+00   8.4423729e+00 14.00000 1.1128388e-121
 7.6117106e+00   2.9651563e-01 13.89240 1.5560902e-123
 7.6519106e+00  -7.1531292e+00 13.07670 2.1063387e-125
 7.6921106e+00   3.2814666e+00 13.71130 2.7600223e-127
 7.7323106e+00  -8.1215432e+00 13.22880 3.5009662e-129
 7.7725106e+00  -1.6297498e+01 12.49000 4.2988687e-131
 7.8127106e+00   3.7684476e+01 14.96660 5.1098881e-133
 7.8529106e+00  -4.7335824e+00 13.11490 5.8797592e-135
 7.8931106e+00   2.5944605e+01 14.03570 6.5493564e-137
 7.9333106e+00   2.4428812e+01 13.89240 7.0620152e-139
 7.9735106e+00  -8.0403460e+00 13.07670 7.3713938e-141
 8.0137106e+00   8.7994490e-01 13.15290 7.4483748e-143
 8.0539106e+00  -3.3290845e+00 12.80620 7.2855839e-145
 8.0941106e+00  -1.1813291e+01 12.56980 6.8985553e-147
 8.1343106e+00  -7.1035181e+00 12.72790  0.0000000e+00
 8.1745106e+00   1.3792009e+00 13.37910  0.0000000e+00
 8.2147106e+00  -4.6508971e+00 12.53000  0.0000000e+00
 8.2549106e+00   1.2032456e+00 12.96150  0.0000000e+00
 8.2951106e+00  -1.5249375e+01 12.60950  0.0000000e+00
 8.3353106e+00  -9.7967544e+00 12.53000  0.0000000e+00
 8.3755106e+00  -1.9924587e+01 11.74730  0.0000000e+00
 8.4157106e+00   5.4468371e+00 12.64910  0.0000000e+00
 8.4559106e+00  -6.7636803e+00 12.40970  0.0000000e+00
 8.4961106e+00   1.5640818e+01 12.92280  0.0000000e+00
 8.5363106e+00   8.8513350e+00 12.40970  0.0000000e+00
 8.5765105e+00  -2.1170790e+00 12.16550  0.0000000e+00
 8.6167105e+00   1.2576157e+01 12.84520  0.0000000e+00
 8.6569105e+00  -1.2463993e+00 12.28820  0.0000000e+00
 8.6971105e+00   8.4002021e+00 12.24740  0.0000000e+00
 8.7373105e+00  -8.8584384e+00 11.70470  0.0000000e+00
 8.7775105e+00  -1.0664458e+01 11.48910  0.0000000e+00
 8.8177105e+00  -2.3390769e+01 11.09050  0.0000000e+00
 8.8579105e+00  -4.1486650e+00 11.87430  0.0000000e+00
 8.8981105e+00  -4.2357694e+01  9.89950  0.0000000e+00
 8.9383105e+00   5.4498132e+00 11.74730  0.0000000e+00
 8.9785105e+00   8.1114636e+00 11.74730  0.0000000e+00
 9.0187105e+00   1.5144734e+00 11.53260  0.0000000e+00
 9.0589105e+00   7.3686161e+00 12.00000  0.0000000e+00
 9.0991105e+00  -1.7114103e+01 10.53570  0.0000000e+00
 9.1393105e+00  -1.5500576e+01 10.39230  0.0000000e+00
 9.1795105e+00  -1.2500576e+01 10.53570  0.0000000e+00
 9.2197105e+00  -7.4043294e+00 10.95450  0.0000000e+00
 9.2599105e+00  -1.5145689e+01 10.39230  0.0000000e+00
 9.3001105e+00   8.7249908e+00 11.57580  0.0000000e+00
 9.3403105e+00   1.7249908e+00 11.26940  0.0000000e+00
 9.3805105e+00  -1.5968218e+00 10.86280  0.0000000e+00
 9.4207105e+00  -3.3231323e+00 10.95450  0.0000000e+00
 9.4609105e+00  -5.2900582e+00 10.58300  0.0000000e+00
 9.5011105e+00  -3.1442008e+00 10.44030  0.0000000e+00
 9.5413105e+00   2.5821096e+00 10.53570  0.0000000e+00
 9.5815105e+00  -1.2900582e+00 10.77030  0.0000000e+00
 9.6217105e+00   2.1258809e+01 11.61890  0.0000000e+00
 9.6619105e+00   7.6633068e+00 10.58300  0.0000000e+00
 9.7021105e+00   1.4645282e+01 11.53260  0.0000000e+00
 9.7423105e+00  -1.2079541e+01  9.94987  0.0000000e+00
 9.7825105e+00   6.7264789e+00 11.00000  0.0000000e+00
 9.8227105e+00  -4.8539743e+00 10.39230  0.0000000e+00
 9.8629105e+00   1.0497796e+00 10.48810  0.0000000e+00
 9.9031105e+00   2.8557992e+00 10.72380  0.0000000e+00
 9.9433105e+00   1.2985119e+01 11.09050  0.0000000e+00
 9.9835105e+00   5.4046663e+00 10.67710  0.0000000e+00
 1.0023711e+01  -1.4079541e+01  9.84886  0.0000000e+00
 1.0063911e+01   1.1308420e+01 10.77030  0.0000000e+00
 1.0104111e+01   9.8242131e+00 10.81670  0.0000000e+00
 1.0144311e+01   0.0000000e+00  0.00000  0.0000000e+00
 1.0184511e+01   0.0000000e+00  0.00000  0.0000000e+00
                                                      
                                                      
                                                      
-1.8044167e-01   0.0000000e+00  0.00000  2.8980168e-15
-1.4154167e-01   0.0000000e+00  0.00000  2.2210742e-14
-1.0264168e-01   0.0000000e+00  0.00000  1.6095864e-13
-6.3741677e-02   0.0000000e+00  0.00000  1.1029459e-12
-2.4841678e-02   0.0000000e+00  0.00000  7.1463232e-12
 1.4058321e-02   0.0000000e+00  0.00000  4.3782390e-11
 5.2958320e-02   0.0000000e+00  0.00000  2.5363234e-10
 9.1858319e-02   0.0000000e+00  0.00000  1.3893071e-09
 1.3075832e-01   0.0000000e+00  0.00000  7.1958237e-09
 1.6965832e-01   0.0000000e+00  0.00000  3.5241285e-08
 2.0855832e-01  -1.7630748e-01  0.00000  1.6319707e-07
 2.4745832e-01   0.0000000e+00  0.00000  7.1459988e-07
 2.8635831e-01   0.0000000e+00  0.00000  2.9587228e-06
 3.2525831e-01   1.7122779e+01 16.64330  1.1583434e-05
 3.6415831e-01  -4.2905479e+01 31.82770  4.2880848e-05
 4.0305831e-01   2.5840958e+01 32.58830  1.5010112e-04
 4.4195831e-01  -6.8397017e+00 31.51190  4.9682222e-04
 4.8085831e-01  -7.4102175e+00 30.78960  1.5549524e-03
 5.1975831e-01  -4.9010912e+00 29.41090  4.6018809e-03
 5.5865831e-01   3.1142889e+01 29.74890  1.2878339e-02
 5.9755831e-01   4.0355182e+00 29.47880  3.4079689e-02
 6.3645831e-01  -3.4882067e+01 28.14250  8.5280410e-02
 6.7535830e-01  -2.8444264e+01 27.62250  2.0180376e-01
 7.1425830e-01   6.3888941e+01 28.87910  4.5159222e-01
 7.5315830e-01  -1.7370168e+01 26.96290  9.5568565e-01
 7.9205830e-01  -3.7136015e+01 26.57070  1.9127298e+00
 8.3095830e-01   2.1144890e+01 27.38610  3.6206498e+00
 8.6985830e-01   2.5434115e+01 27.36790  6.4825502e+00
 9.0875830e-01   5.0423023e+01 27.60430  1.0979295e+01
 9.4765830e-01   3.9723339e+01 27.53180  1.7592566e+01
 9.8655830e-01  -3.9379105e+00 26.43860  2.6673897e+01
 1.0254583e+00   7.1356860e+01 27.83880  3.8277985e+01
 1.0643583e+00   1.3860826e+01 26.26790  5.2006282e+01
 1.1032583e+00   2.9869145e+01 26.73950  6.6925964e+01
 1.1421583e+00   1.1690481e+02 27.87470  8.1624466e+01
 1.1810583e+00   8.5092205e+01 27.51360  9.4423066e+01
 1.2199583e+00   8.6717407e+01 27.11090  1.0371317e+02
 1.2588583e+00   6.1560510e+01 27.03700  1.0832101e+02
 1.2977583e+00   1.1077803e+02 27.58620  1.0778113e+02
 1.3366583e+00   1.2935093e+02 27.62250  1.0242400e+02
 1.3755583e+00   1.0729308e+02 27.23970  9.3250984e+01
 1.4144583e+00   4.3598945e+01 26.28690  8.1649958e+01
 1.4533583e+00   3.2400454e+01 25.61250  6.9057867e+01
 1.4922583e+00   3.6108457e+01 25.72940  5.6681422e+01
 1.5311583e+00   5.2474936e+01 26.32490  4.5345777e+01
 1.5700583e+00   5.4042293e+01 25.92300  3.5480461e+01
 1.6089583e+00  -3.2469309e+00 24.89980  2.7202188e+01
 1.6478583e+00   5.3381044e+01 25.61250  2.0434387e+01
 1.6867583e+00   1.1689678e+01 25.09980  1.5013098e+01
 1.7256583e+00   6.1755842e+01 26.22980  1.0754527e+01
 1.7645583e+00   2.8571216e+01 25.41650  7.4844057e+00
 1.8034583e+00  -2.6943842e+01 24.61710  5.0431063e+00
 1.8423583e+00   2.2854894e+01 25.07990  3.2821775e+00
 1.8812583e+00   2.2962265e+01 24.85960  2.0622108e+00
 1.9201583e+00  -2.4607865e+01 24.28990  1.2548951e+00
 1.9590583e+00   2.6802595e+01 25.29820  7.4753599e-01
 1.9979583e+00  -6.3522291e+01 24.08320  4.4708413e-01
 2.0368583e+00   2.0981676e+01 25.23890  2.8169821e-01
 2.0757583e+00   3.3148803e+00 24.45400  1.9948632e-01
 2.1146583e+00  -7.8531085e+00 24.41310  1.6524094e-01
 2.1535583e+00   2.6805368e+01 25.35740  1.5637623e-01
 2.1924583e+00   2.8565670e+01 25.29820  1.5907727e-01
 2.2313583e+00   3.5317653e+01 25.15950  1.6522415e-01
 2.2702583e+00   7.8081410e+00 25.04000  1.7023419e-01
 2.3091583e+00   1.0312018e+00 24.63740  1.7169936e-01
 2.3480583e+00   2.0802595e+01 25.17940  1.6858942e-01
 2.3869583e+00  -1.5666571e+00 24.37210  1.6079500e-01
 2.4258583e+00   2.0551806e+01 24.83950  1.4884173e-01
 2.4647583e+00   5.1607560e+00 24.98000  1.3367395e-01
 2.5036583e+00  -5.9137262e+00 24.41310  1.1646269e-01
 2.5425583e+00  -4.0497721e+01 23.79080  9.8429647e-02
 2.5814583e+00   1.2967811e+01 24.77900  8.0696994e-02
 2.6203583e+00  -2.1789718e+01 24.22810  6.4176900e-02
 2.6592583e+00  -1.9743440e+00 24.45400  4.9509580e-02
 2.6981583e+00  -1.2558338e+01 24.33110  3.7050032e-02
 2.7370583e+00  -1.5914884e+01 19.84940  2.6895319e-02
 2.7759583e+00   6.8592825e+00 20.66400  1.8938847e-02
 2.8148582e+00  -3.2068811e+00 20.22370  1.2936568e-02
 2.8537582e+00   9.0328171e+00 20.63980  8.5718260e-03
 2.8926582e+00  -2.5443806e+01 19.62140  5.5095525e-03
 2.9315582e+00  -8.4317453e-01 20.56700  3.4351682e-03
 2.9704582e+00   9.2267313e-01 20.63980  2.0776310e-03
 3.0093582e+00  -3.2124268e+00 20.07490  1.2189265e-03
 3.0482582e+00   4.9583349e+00 20.12460  6.9370582e-04
 3.0871582e+00   4.9726955e+01 21.30730  3.8296746e-04
 3.1260582e+00  -2.0683504e+01 19.62140  2.0508652e-04
 3.1649582e+00   8.8481909e+00 20.42060  1.0653715e-04
 3.2038582e+00   5.3826591e+00 20.46950  5.3685097e-05
 3.2427582e+00  -6.8350441e-01 20.12460  2.6241891e-05
 3.2816582e+00  -9.1050558e+00 19.64690  1.2443003e-05
 3.3205582e+00   2.5423293e+00 19.94990  5.7232671e-06
 3.3594582e+00   1.8605720e+01 20.46950  2.5535921e-06
 3.3983582e+00  -2.2556723e+01 19.82420  1.1052175e-06
 3.4372582e+00  -2.4154582e+01 19.51920  4.6401571e-07
 3.4761582e+00   2.4201338e-01 19.72310  1.8897586e-07
 3.5150582e+00  -6.5099698e+00 19.89970  7.4656684e-08
 3.5539582e+00  -4.9259754e+00 19.82420  2.8610126e-08
 3.5928582e+00   3.2054614e+01 20.22370  1.0635540e-08
 3.6317582e+00   1.4467847e+01 19.82420  3.8352002e-09
 3.6706582e+00   1.0230922e+01 19.67230  1.3415450e-09
 3.7095582e+00  -9.1161474e+00 19.33910  4.5520934e-10
 3.7484582e+00  -1.8521061e+01 19.28730  1.4983242e-10
 3.7873582e+00  -2.4631205e+01 19.33910  4.7839776e-11
 3.8262582e+00  -2.6647843e+01 18.81490  1.4817031e-11
 3.8651582e+00  -1.4176765e+01 19.15720  4.4516596e-12
 3.9040582e+00  -8.9426128e+00 19.26140  1.2973926e-12
 3.9429582e+00  -1.9997685e+01 19.07880  3.6678335e-13
 3.9818582e+00   1.4941697e+01 19.92490  1.0058576e-13
 4.0207582e+00  -3.3576133e+01 19.00000  2.6757906e-14
 4.0596582e+00  -2.3937067e+01 19.02630  6.9048848e-15
 4.0985582e+00   3.7514600e+01 20.07490  1.7284207e-15
 4.1374582e+00   5.0462957e+00 19.31320  4.1969250e-16
 4.1763582e+00   3.5167531e+01 20.17420  9.8855689e-17
 4.2152582e+00   2.3280448e+01 19.74840  2.2587119e-17
 4.2541582e+00   3.0985678e+01 19.92490  5.0062060e-18
 4.2930582e+00   1.7586310e+01 19.92490  1.0763296e-18
 4.3319582e+00  -6.9394069e-02 19.23540  2.2447636e-19
 4.3708582e+00   5.1786227e+00 19.72310  4.5413463e-20
 4.4097582e+00  -6.8352417e+00 19.02630  8.9122496e-21
 4.4486582e+00  -1.8369710e+01 18.57420  1.6965973e-21
 4.4875582e+00  -1.0242929e+01 19.05260  3.1329894e-22
 4.5264582e+00   3.7745980e+01 19.97500  5.6121308e-23
 4.5653582e+00  -5.3647843e+01 18.08310  9.7518127e-24
 4.6042582e+00   2.7385046e+01 19.49360  1.6437344e-24
 4.6431582e+00   2.2511827e+01 19.62140  2.6876123e-25
 4.6820582e+00  -1.5369710e+01 18.65480  4.2627546e-26
 4.7209582e+00  -2.5727871e+01 18.22090  6.5584732e-27
 4.7598582e+00  -1.1254020e+01 18.70830  9.7882234e-28
 4.7987582e+00  -3.5557109e+01 17.77640  1.4170779e-28
 4.8376582e+00   9.1951436e-01 18.94730  1.9900879e-29
 4.8765582e+00   3.8913969e+01 19.77370  2.7110625e-30
 4.9154582e+00  -1.1141103e+01 18.57420  3.5825767e-31
 4.9543582e+00  -2.0438646e+01 18.22090  4.5924051e-32
 4.9932582e+00  -9.9180426e+00 18.24830  5.7104927e-33
 5.0321582e+00  -3.4414193e+00 18.60110  6.8880405e-34
 5.0710582e+00   2.7145348e+01 19.36490  8.0594705e-35
 5.1099582e+00  -1.0721670e+00 19.13110  9.1475763e-36
 5.1488582e+00  -1.1747281e+01 18.02780  1.0071503e-36
 5.1877582e+00   2.3081957e+01 19.13110  1.0756506e-37
 5.2266582e+00  -2.9912497e+01 17.86060  1.1143892e-38
 5.2655582e+00  -2.7146649e+01 17.97220  1.1199310e-39
 5.3044582e+00  -1.1458057e+01 17.88850  1.0917781e-40
 5.3433582e+00  -2.4030959e+01 18.00000  1.0324432e-41
 5.3822582e+00   2.6065320e+01 18.73500  9.4708004e-43
 5.4211582e+00  -1.1438646e+01 18.46620  8.4274446e-44
 5.4600582e+00  -5.8483791e-01 17.91650  7.2743441e-45
 5.4989582e+00  -1.0337323e+00 18.54720  6.0908862e-46
 5.5378582e+00   1.0131484e+01 18.52030  4.9471587e-47
 5.5767582e+00  -2.5631591e+01 17.57840  3.8978033e-48
 5.6156582e+00   1.2365636e+01 18.54720  2.9790150e-49
 5.6545582e+00   4.6120392e+01 19.15720  2.2085854e-50
 5.6934582e+00   3.3434528e+00 17.63520  1.5883434e-51
 5.7323582e+00   1.7429027e+01 18.81490  1.1080601e-52
 5.7712582e+00   2.3872375e+01 18.19340  7.4984402e-54
 5.8101582e+00   1.1112073e+01 17.97220  4.9222909e-55
 5.8490582e+00   9.8200761e+00 18.00000  3.1343849e-56
 5.8879582e+00  -1.7160521e-01 17.97220  1.9360924e-57
 5.9268582e+00   1.0103755e+01 17.69180  1.1600816e-58
 5.9657582e+00   4.4927447e+01 18.65480  6.7427917e-60
 6.0046582e+00   2.2856079e+00 17.63520  3.8017157e-61
 6.0435582e+00   3.1574832e+01 18.30300  2.0792573e-62
 6.0824582e+00  -1.5832855e+01 17.08800  1.1031271e-63
 6.1213582e+00   1.0684976e+01 17.49290  5.6771660e-65
 6.1602582e+00   4.3280062e+01 18.60110  2.8341729e-66
 6.1991582e+00   1.0343453e+01 17.83260  1.3724919e-67
 6.2380582e+00  -2.3094781e+00 17.29160  6.4473605e-69
 6.2769582e+00   6.4480509e+00 17.32050  2.9379394e-70
 6.3158582e+00   2.0921901e+01 17.83260  1.2986509e-71
 6.3547582e+00   2.0315724e+01 17.26270  5.5684038e-73
 6.3936582e+00   2.0616040e+01 17.46420  2.3161023e-74
 6.4325582e+00   1.1428641e+01 16.85230  9.3448740e-76
 6.4714582e+00  -3.1970728e+01 15.93740  3.6574457e-77
 6.5103582e+00   1.1726184e+01 16.97060  1.3885804e-78
 6.5492582e+00   2.9599402e+01 17.20470  5.1139077e-80
 6.5881582e+00   9.7317294e+00 17.08800  1.8269365e-81
 6.6270582e+00  -1.2466761e+01 15.68440  6.3311519e-83
 6.6659582e+00   9.5498762e+00 16.91150  2.1282896e-84
 6.7048581e+00  -7.5875837e-01 16.12450  6.9401272e-86
 6.7437581e+00   2.2356931e+01 16.76310  2.1952948e-87
 6.7826581e+00   1.6004316e+01 16.58310  6.7360759e-89
 6.8215581e+00   1.4475394e+01 16.55290  2.0049789e-90
 6.8604581e+00   1.0238469e+01 16.37070  5.7889708e-92
 6.8993581e+00   9.6433828e+00 16.12450  1.6213681e-93
 6.9382581e+00   8.6433828e+00 16.09350  4.4050474e-95
 6.9771581e+00   2.3569313e+00 16.15550  1.1609360e-96
 7.0160581e+00  -1.2959995e+00 15.84300  2.9679369e-98
 7.0549581e+00   1.5103369e+01 15.93740 7.3602027e-100
 7.0938581e+00   6.3506409e-01 15.55630 1.7705720e-101
 7.1327581e+00  -3.6767077e+01 14.66290 4.1316747e-103
 7.1716581e+00  -3.9951703e+01 14.24780 9.3524924e-105
 7.2105581e+00  -1.5951703e+01 15.06650 2.0536069e-106
 7.2494581e+00  -7.8938583e+00 15.29710 4.3741733e-108
 7.2883581e+00  -2.4366452e+00 15.00000 9.0378131e-110
 7.3272581e+00   4.8095050e+01 16.67330 1.8114212e-111
 7.3661581e+00   1.4568901e+01 15.74800 3.5217964e-113
 7.4050581e+00   8.5661277e+00 15.45960 6.6419829e-115
 7.4439581e+00   4.9131968e+00 15.13270 1.2151223e-116
 7.4828581e+00   6.0288865e+00 15.09970 2.1564079e-118
 7.5217581e+00  -1.7902177e+01 14.66290 3.7121930e-120
 7.5606581e+00   2.3502737e+01 15.77970 6.1989610e-122
 7.5995581e+00   2.8615654e+01 15.77970 1.0041439e-123
 7.6384581e+00  -3.2631107e+00 14.86610 1.5778356e-125
 7.6773581e+00  -2.8320956e+01 14.03570 2.4050064e-127
 7.7162581e+00   9.4338006e+00 14.96660 3.5559811e-129
 7.7551581e+00  -2.1332047e+01 13.85640 5.1002488e-131
 7.7940581e+00  -6.7397340e+00 14.52580 7.0959735e-133
 7.8329581e+00  -1.4034504e+01 14.24780 9.5768199e-135
 7.8718581e+00  -6.8188914e-01 14.69690 1.2537743e-136
 7.9107581e+00  -5.1585125e+00 14.31780 1.5922312e-138
 7.9496581e+00  -2.1288067e+01 13.26650 1.9614697e-140
 7.9885581e+00   1.2538399e+01 14.59450 2.3439362e-142
 8.0274581e+00  -9.6902078e+00 14.07120 2.7170566e-144
 8.0663581e+00  -1.6756371e+01 13.52770 3.0552045e-146
 8.1052581e+00   1.2475008e+01 14.42220 3.3325034e-148
 8.1441581e+00   1.6651316e+01 14.56020  0.0000000e+00
 8.1830581e+00  -2.5230222e+01 13.07670  0.0000000e+00
 8.2219581e+00   1.3348470e-01 14.42220  0.0000000e+00
 8.2608581e+00   1.4411617e+01 14.31780  0.0000000e+00
 8.2997581e+00   9.9405399e+00 14.14210  0.0000000e+00
 8.3386581e+00  -4.2852938e+00 14.00000  0.0000000e+00
 8.3775581e+00   1.1229764e+01 14.00000  0.0000000e+00
 8.4164581e+00   8.6980689e+00 13.82030  0.0000000e+00
 8.4553581e+00  -2.5065006e+01 12.60950  0.0000000e+00
 8.4942581e+00   1.2629132e+01 13.56470  0.0000000e+00
 8.5331581e+00  -2.4176209e+00 13.49070  0.0000000e+00
 8.5720581e+00  -2.0301931e+01 12.72790  0.0000000e+00
 8.6109581e+00   6.0451380e+00 13.49070  0.0000000e+00
 8.6498581e+00  -7.3324588e-02 13.22880  0.0000000e+00
 8.6887581e+00   3.4583707e+00 13.45360  0.0000000e+00
 8.7276581e+00   1.5386661e+01 13.37910  0.0000000e+00
 8.7665581e+00  -1.3665638e+01 12.53000  0.0000000e+00
 8.8054581e+00   1.3386661e+01 13.30410  0.0000000e+00
 8.8443581e+00  -1.6105657e+00 12.84520  0.0000000e+00
 8.8832581e+00  -1.7205652e+01 11.91640  0.0000000e+00
 8.9221581e+00  -2.3087189e+01 11.70470  0.0000000e+00
 8.9610581e+00   5.9734287e+00 12.96150  0.0000000e+00
 8.9999581e+00  -9.8447180e+00 12.56980  0.0000000e+00
 9.0388581e+00   3.1502351e+01 13.89240  0.0000000e+00
 9.0777581e+00   3.3733731e+01 13.82030  0.0000000e+00
 9.1166581e+00   2.3736503e+01 13.56470  0.0000000e+00
 9.1555581e+00   1.9207581e+01 13.41640  0.0000000e+00
 9.1944581e+00   2.2849420e+01 13.34170  0.0000000e+00
 9.2333581e+00   1.6138645e+01 12.88410  0.0000000e+00
 9.2722581e+00  -1.2111974e+00 12.32880  0.0000000e+00
 9.3111581e+00   1.4372797e+01 12.76710  0.0000000e+00
 9.3500581e+00   1.6312179e+01 12.76710  0.0000000e+00
 9.3889581e+00   8.1964895e+00 12.53000  0.0000000e+00
 9.4278581e+00  -5.5004218e+00 12.36930  0.0000000e+00
 9.4667581e+00  -2.4629976e+01 11.00000  0.0000000e+00
 9.5056581e+00  -1.5749040e+00 11.83220  0.0000000e+00
 9.5445581e+00  -5.2829068e+00 11.57580  0.0000000e+00
 9.5834581e+00  -1.0864128e+01 11.66190  0.0000000e+00
 9.6223581e+00   4.8383287e+00 12.16550  0.0000000e+00
 9.6612581e+00  -4.8641283e+00 11.91640  0.0000000e+00
 9.7001581e+00   0.0000000e+00  0.00000  0.0000000e+00
 9.7390581e+00   0.0000000e+00  0.00000  0.0000000e+00
