0.039      0.00      0.00      0.00                   
0.078      0.00      0.00      0.00                   
0.117      0.00      0.00      0.00                   
0.156      0.00      0.00      0.00                   
0.195      0.00      0.00      0.00                   
0.234      0.00      0.00      0.00                   
0.273      0.00      0.00      0.00                   
0.312      0.00      0.00      0.00                   
0.351      0.00      0.00      0.00                   
0.390      0.00      0.00      0.00                   
0.429      0.00    573.29    719.88                   
0.468      0.00    574.79    717.04                   
0.507      0.00    575.92    713.93                   
0.546     39.00    576.75    710.62                   
0.585     71.00    577.25    707.09                   
0.624     73.00    577.26    703.18                   
0.663    152.00    576.77    698.83                   
0.702    224.25    575.57    693.85                   
0.741    372.50    573.81    688.45                   
0.780    536.25    571.34    682.98                   
0.819    653.00    568.04    676.99                   
0.858    877.25    563.94    670.69                   
0.897   1009.00    559.48    665.33                   
0.936   1089.50    554.65    660.81                   
0.975   1100.00    549.68    658.69                   
1.014   1095.50    545.23    659.34                   
1.053   1080.00    542.00    664.40                   
1.092   1061.75    540.87    675.18                   
1.131   1044.75    542.00    691.80                   
1.170   1052.75    547.37    718.94                   
1.209   1073.25    559.33    766.06                   
1.248   1087.25    575.55    818.61                   
1.287   1120.75    598.50    886.08                   
1.326   1112.75    637.71    981.42                   
1.365   1225.50    682.81   1093.63                   
1.404   1255.50    740.13   1231.77                   
1.443   1366.50    812.56   1403.15                   
1.482   1517.00    900.66   1605.84                   
1.521   1713.25   1006.45   1843.52                   
1.560   1948.25   1132.25   2119.21                   
1.599   2219.25   1280.37   2431.22                   
1.638   2536.50   1447.40   2771.40                   
1.677   2827.75   1646.07   3157.58                   
1.716   3147.75   1858.33   3552.04                   
1.755   3477.25   2088.64   3960.23                   
1.794   3874.25   2335.82   4376.72                   
1.833   4311.25   2601.63   4801.04                   
1.872   4870.25   2876.92   5222.77                   
1.911   5258.75   3163.59   5646.12                   
1.950   5741.75   3460.76   6071.78                   
1.989   6270.50   3767.27   6501.18                   
2.028   6622.50   4085.14   6940.18                   
2.067   7142.75   4411.11   7385.71                   
2.106   7443.50   4744.14   7837.15                   
2.145   7730.25   5083.01   8291.83                   
2.184   8239.00   5422.46   8741.62                   
2.223   8567.25   5760.26   9180.96                   
2.262   8884.00   6088.33   9596.54                   
2.301   9159.25   6396.61   9973.27                   
2.340   9561.25   6681.83  10305.20                   
2.379   9816.25   6942.05  10588.70                   
2.418  10047.50   7176.94  10822.90                   
2.457  10270.00   7372.17  10987.40                   
2.496  10452.00   7534.29  11109.40                   
2.535  10689.50   7666.33  11183.50                   
2.574  10717.20   7772.87  11218.90                   
2.613  10732.50   7861.12  11227.50                   
2.652  10672.20   7933.25  11214.70                   
2.691  10668.80   8003.48  11199.60                   
2.730  10840.00   8074.18  11186.30                   
2.769  10702.80   8147.17  11177.50                   
2.808  10647.80   8227.03  11178.80                   
2.847  10778.00   8314.59  11189.30                   
2.886  10873.50   8421.05  11225.00                   
2.925  10829.50   8529.31  11262.70                   
2.964  10987.80   8644.54  11307.20                   
3.003  10830.20   8766.32  11359.00                   
3.042  11052.00   8889.38  11411.80                   
3.081  11090.50   9016.76  11468.50                   
3.120  11272.20   9140.71  11518.00                   
3.159  11527.00   9263.47  11567.50                   
3.198  11455.00   9387.09  11621.20                   
3.237  11633.80   9506.30  11670.50                   
3.276  11715.50   9619.42  11714.50                   
3.315  11900.80   9721.88  11749.00                   
3.354  11846.50   9820.56  11781.80                   
3.393  11848.80   9909.29  11806.90                   
3.432  12006.50   9985.63  11821.70                   
3.471  12207.50  10047.10  11823.90                   
3.510  12282.20  10096.90  11816.80                   
3.549  12120.00  10124.00  11788.60                   
3.588  12324.00  10131.50  11742.20                   
3.627  12229.50  10115.20  11672.10                   
3.666  12040.50  10076.70  11581.10                   
3.705  11834.50  10013.10  11465.00                   
3.744  11969.00   9924.86  11324.00                   
3.783  11630.50   9813.04  11158.70                   
3.822  11380.50   9678.37  10970.20                   
3.861  11157.20   9521.90  10758.70                   
3.900  10909.20   9347.86  10529.80                   
3.939  10601.80   9163.12  10290.90                   
3.978  10235.00   8968.90  10042.80                   
4.017   9966.50   8767.44   9787.94                   
4.056   9565.50   8564.97   9533.25                   
4.095   9184.00   8363.29   9280.81                   
4.134   9012.00   8167.66   9036.30                   
4.173   8743.25   7979.85   8801.76                   
4.212   8421.50   7802.35   8579.88                   
4.251   8289.00   7636.81   8372.58                   
4.290   8010.25   7483.38   8179.80                   
4.329   7734.25   7342.45   8002.13                   
4.368   7720.25   7214.65   7840.06                   
4.407   7553.50   7098.53   7691.95                   
4.446   7282.00   6993.97   7557.62                   
4.485   7201.75   6898.80   7434.66                   
4.524   6999.75   6813.28   7323.21                   
4.563   6925.75   6734.89   7220.60                   
4.602   6908.25   6663.90   7127.01                   
4.641   6875.75   6598.70   7040.51                   
4.680   6751.50   6537.07   6958.73                   
4.719   6610.50   6478.19   6880.36                   
4.758   6615.00   6422.75   6807.46                   
4.797   6584.25   6370.91   6739.49                   
4.836   6509.00   6330.65   6683.91                   
4.875   6477.00   6291.83   6630.69                   
4.914   6439.25   6261.25   6586.69                   
4.953   6527.50   6234.24   6547.05                   
4.992   6567.00   6213.12   6514.25                   
5.031   6365.75   6197.75   6488.05                   
5.070   6360.75   6187.49   6467.74                   
5.109   6399.50   6185.31   6456.34                   
5.148   6570.25   6191.96   6454.85                   
5.187   6511.00   6205.73   6461.08                   
5.226   6583.75   6245.54   6494.53                   
5.265   6643.75   6341.95   6585.07                   
5.304   6930.25   6532.93   6770.85                   
5.343   7011.00   6739.89   6973.40                   
5.382   7104.25   6922.00   7151.71                   
5.421   7234.50   7146.28   7372.93                   
5.460   7565.75   7420.57   7644.80                   
5.499   7892.25   7747.02   7969.44                   
5.538   8282.00   8138.76   8360.14                   
5.577   8668.00   8595.93   8816.80                   
5.616   9307.25   9129.47   9350.48                   
5.655   9812.50   9745.89   9967.62                   
5.694  10485.80  10453.60  10676.60                   
5.733  11126.50  11252.40  11477.20                   
5.772  12271.20  12148.70  12375.80                   
5.811  13109.00  13143.90  13373.80                   
5.850  14046.00  14236.20  14469.10                   
5.889  15238.00  15423.20  15659.50                   
5.928  16651.80  16696.70  16936.60                   
5.967  17908.50  18048.20  18291.90                   
6.006  19232.20  19461.80  19709.30                   
6.045  20686.00  20921.90  21173.10                   
6.084  22034.00  22406.20  22661.00                   
6.123  23846.20  23893.90  24152.10                   
6.162  25253.50  25356.40  25617.40                   
6.201  26443.80  26776.00  27039.50                   
6.240  27848.80  28120.40  28385.80                   
6.279  29289.50  29355.70  29622.30                   
6.318  30626.80  30461.30  30728.40                   
6.357  31444.20  31409.80  31676.60                   
6.396  32185.80  32189.50  32455.40                   
6.435  32799.80  32832.00  33096.00                   
6.474  33352.80  33242.10  33503.50                   
6.513  33564.80  33455.60  33713.70                   
6.552  33346.80  33470.20  33724.40                   
6.591  33638.50  33300.30  33549.80                   
6.630  33003.50  32955.50  33199.90                   
6.669  32263.20  32449.60  32688.30                   
6.708  31737.20  31829.80  32062.60                   
6.747  31408.00  31084.80  31311.40                   
6.786  30508.50  30253.80  30474.00                   
6.825  29509.80  29368.70  29582.30                   
6.864  28795.20  28449.80  28656.90                   
6.903  27699.20  27531.30  27732.00                   
6.942  26763.00  26635.50  26829.80                   
6.981  25611.50  25777.30  25965.30                   
7.020  25213.80  24973.60  25155.50                   
7.059  24192.20  24243.20  24419.30                   
7.098  23586.80  23590.30  23760.80                   
7.137  22797.00  23025.30  23190.40                   
7.176  22189.50  22545.20  22705.00                   
7.215  22132.80  22152.90  22307.80                   
7.254  21707.00  21839.70  21989.80                   
7.293  21296.80  21604.40  21749.90                   
7.332  21231.00  21429.50  21570.50                   
7.371  20760.00  21310.70  21447.60                   
7.410  20764.20  21239.20  21371.90                   
7.449  20715.00  21196.20  21324.80                   
7.488  20657.20  21174.90  21299.60                   
7.527  20217.20  21166.90  21287.60                   
7.566  20273.00  21156.20  21273.20                   
7.605  20495.80  21134.90  21248.20                   
7.644  20374.20  21048.10  21157.60                   
7.683  20183.00  20894.50  21000.60                   
7.722  20281.50  20833.70  20936.40                   
7.761  20275.20  20701.70  20801.10                   
7.800  20103.00  20589.00  20685.20                   
7.839  19893.80  20429.80  20522.80                   
7.878  19641.00  20229.70  20319.50                   
7.917  19453.20  19990.90  20077.50                   
7.956  19186.20  19717.30  19800.90                   
7.995  19274.50  19415.50  19496.00                   
8.034  18880.20  19083.80  19161.40                   
8.073  18421.50  18729.60  18804.40                   
8.112  18104.00  18357.20  18429.20                   
8.151  17906.20  17974.00  18043.30                   
8.190  17442.00  17578.50  17645.20                   
8.229  17115.00  17177.50  17241.60                   
8.268  16762.50  16777.30  16838.90                   
8.307  16556.20  16376.10  16435.30                   
8.346  16157.80  15982.60  16039.50                   
8.385  16027.50  15593.30  15647.90                   
8.424  15505.50  15213.30  15265.60                   
8.463  15255.80  14844.10  14894.30                   
8.502  15008.50  14490.70  14538.80                   
8.541  14449.80  14147.10  14193.30                   
8.580  14000.80  13817.30  13861.60                   
8.619  13807.50  13504.80  13547.30                   
8.658  13586.80  13202.20  13242.90                   
8.697  13307.20  12912.40  12951.30                   
8.736  12784.80  12641.30  12678.60                   
8.775  12558.20  12375.20  12410.90                   
8.814  12264.20  12123.60  12157.90                   
8.853  12072.80  11884.50  11917.30                   
8.892  12005.00  11655.40  11686.70                   
8.931  11585.20  11440.00  11470.00                   
8.970  11365.80  11228.80  11257.50                   
9.009  11184.00  11028.40  11055.90                   
9.048  10897.80  10798.70  10824.90                   
9.087  10676.00  10617.70  10642.80                   
9.126  10578.00  10436.20  10460.30                   
9.165  10226.20  10261.50  10284.50                   
9.204  10131.20  10087.70  10109.70                   
9.243   9843.00   9914.79   9935.79                   
9.282   9791.50   9747.75   9767.84                   
9.321   9543.25   9579.39   9598.57                   
9.360   9552.00   9403.41   9421.74                   
9.399   9377.75   9245.92   9263.45                   
9.438   9131.25   9086.05   9102.79                   
9.477   9134.50   8931.00   8946.99                   
9.516   8886.00   8772.08   8787.35                   
9.555   8840.75   8620.14   8634.73                   
9.594   8627.25   8469.49   8483.43                   
9.633   8501.50   8310.18   8323.48                   
9.672   8325.50   8164.43   8177.14                   
9.711   8204.75   8020.16   8032.30                   
9.750   8060.50   7875.78   7887.37                   
9.789   8022.75   7731.20   7742.26                   
9.828   7946.50   7591.76   7602.31                   
9.867   7755.25   7454.17   7464.25                   
9.906   7648.25   7318.24   7327.86                   
9.945   7008.00   7179.61   7188.79                   
9.984   6843.25   7047.64   7056.40                   
                                                      
                                                      
                                                      
-1.3329419e-02   0.0000000e+00  0.00000  4.8181284e-11
 2.4978574e-02   0.0000000e+00  0.00000  2.8262549e-10
 6.3286567e-02   0.0000000e+00  0.00000  1.5702383e-09
 1.0159456e-01   0.0000000e+00  0.00000  8.2630648e-09
 1.3990255e-01   0.0000000e+00  0.00000  4.1184921e-08
 1.7821055e-01   0.0000000e+00  0.00000  1.9442720e-07
 2.1651854e-01   0.0000000e+00  0.00000  8.6935629e-07
 2.5482653e-01   0.0000000e+00  0.00000  3.6818066e-06
 2.9313452e-01   0.0000000e+00  0.00000  1.4768863e-05
 3.3144252e-01   0.0000000e+00  0.00000  5.6112126e-05
 3.6975051e-01  -4.0685225e-02  0.00000  2.0192533e-04
 4.0805850e-01   0.0000000e+00  0.00000  6.8825659e-04
 4.4636649e-01  -1.6274090e-01  0.00000  2.2219631e-03
 4.8467449e-01   2.2361883e+01 11.04540  6.7944131e-03
 5.2298248e-01  -1.4211995e+01 17.86060  1.9678772e-02
 5.6129047e-01  -1.6736620e+01 17.11720  5.3985602e-02
 5.9959847e-01   1.7965708e+00 16.94110  1.4027998e-01
 6.3790646e-01  -2.2102787e+01 15.81140  3.4526801e-01
 6.7621445e-01   3.2995715e+01 16.88190  8.0494595e-01
 7.1452244e-01   7.5995690e+00 16.03120  1.7776080e+00
 7.5283044e-01   1.6695929e+01 16.06240  3.7185762e+00
 7.9113843e-01   9.5588840e+00 15.49190  7.3689557e+00
 8.2944642e-01   2.5813702e+01 15.90600  1.3833999e+01
 8.6775441e-01   2.8678798e+01 15.87450  2.4605709e+01
 9.0606241e-01   3.5567449e+01 16.00000  4.1468552e+01
 9.4437040e-01   6.2605993e+01 16.61320  6.6231882e+01
 9.8267839e-01   1.4140471e+02 18.52030  1.0027309e+02
 1.0209864e+00   1.5456745e+02 18.86800  1.4395479e+02
 1.0592944e+00   1.6443469e+02 19.20940  1.9607759e+02
 1.0976024e+00   2.5426981e+02 21.26030  2.5360175e+02
 1.1359104e+00   3.6555460e+02 23.72760  3.1186144e+02
 1.1742184e+00   3.7160171e+02 23.89560  3.6537268e+02
 1.2125263e+00   4.5196574e+02 25.37720  4.0912056e+02
 1.2508343e+00   4.1829122e+02 24.69820  4.3998466e+02
 1.2891423e+00   4.7899357e+02 25.82630  4.5783234e+02
 1.3274503e+00   4.8087366e+02 26.00000  4.6585837e+02
 1.3657583e+00   4.5639614e+02 25.47550  4.6997604e+02
 1.4040663e+00   4.8031906e+02 25.84570  4.7738174e+02
 1.4423743e+00   4.8731263e+02 25.94220  4.9469068e+02
 1.4806823e+00   5.3172591e+02 26.81420  5.2616775e+02
 1.5189903e+00   5.8786509e+02 27.82090  5.7252250e+02
 1.5572983e+00   6.7141113e+02 29.25750  6.3054788e+02
 1.5956063e+00   7.0732548e+02 29.95000  6.9364438e+02
 1.6339143e+00   7.4867880e+02 30.56140  7.5306462e+02
 1.6722223e+00   7.5759100e+02 30.67570  7.9957782e+02
 1.7105303e+00   8.0270021e+02 31.33690  8.2519599e+02
 1.7488382e+00   7.6961242e+02 30.77340  8.2461583e+02
 1.7871462e+00   8.1250749e+02 31.44840  7.9610212e+02
 1.8254542e+00   7.2340043e+02 30.18280  7.4166143e+02
 1.8637622e+00   6.6088651e+02 29.00000  6.6651049e+02
 1.9020702e+00   6.1405567e+02 28.21350  5.7799788e+02
 1.9403782e+00   4.7843469e+02 25.76820  4.8425076e+02
 1.9786862e+00   3.8917773e+02 23.89560  3.9285572e+02
 2.0169942e+00   3.3177516e+02 22.56100  3.0983820e+02
 2.0553022e+00   2.7689079e+02 21.26030  2.3909609e+02
 2.0936102e+00   2.0475803e+02 19.57040  1.8231174e+02
 2.1319182e+00   1.6249036e+02 18.43910  1.3925361e+02
 2.1702262e+00   1.1383940e+02 17.08800  1.0831363e+02
 2.2085342e+00   7.4501069e+01 15.77970  8.7115772e+01
 2.2468422e+00   7.7426122e+01 15.93740  7.3063912e+01
 2.2851501e+00   7.4351176e+01 15.90600  6.3750781e+01
 2.3234581e+00   5.1802996e+01 15.00000  5.7203893e+01
 2.3617661e+00   5.2321197e+01 15.09970  5.1984027e+01
 2.4000741e+00   3.6199142e+01 14.56020  4.7173315e+01
 2.4383821e+00   9.6124178e+00 13.67480  4.2295051e+01
 2.4766901e+00   2.9646679e+01 14.31780  3.7202177e+01
 2.5149981e+00   2.9717343e+01 14.42220  3.1961771e+01
 2.5533061e+00   5.5826551e+01 15.16580  2.6752897e+01
 2.5916141e+00   3.4462525e+01 14.69690  2.1786845e+01
 2.6299221e+00   2.7408992e+01 14.31780  1.7252669e+01
 2.6682301e+00   1.1053531e+01 13.63820  1.3286677e+01
 2.7065381e+00   5.3276212e+00 13.52770  9.9618972e+00
 2.7448461e+00   1.9738756e+01 13.85640  7.2921552e+00
 2.7831541e+00   2.6182011e+01 14.24780  5.2451038e+00
 2.8214620e+00   1.9957154e+00 13.34170  3.7590749e+00
 2.8597700e+00   4.9854389e+01 12.76710  2.7597575e+00
 2.8980780e+00  -8.8072818e+00 10.39230  2.1740808e+00
 2.9363860e+00   9.4518190e+00 10.86280  1.9400125e+00
 2.9746940e+00  -7.6638128e+00 10.14890  2.0120552e+00
 3.0130020e+00   1.6854389e+01 11.40180  2.3629120e+00
 3.0513100e+00  -1.3083524e+00 10.58300  2.9821322e+00
 3.0896180e+00   9.4004166e-01 10.44030  3.8725956e+00
 3.1279260e+00   1.3346894e+01 11.00000  5.0455956e+00
 3.1662340e+00   8.0214121e+00 10.77030  6.5151290e+00
 3.2045420e+00   2.7062097e+01 11.61890  8.2918803e+00
 3.2428500e+00   3.4631690e+01 11.91640  1.0377335e+01
 3.2811580e+00   1.6858671e+01 11.18030  1.2758459e+01
 3.3194659e+00   8.3404700e+00 10.67710  1.5403411e+01
 3.3577739e+00   1.1068521e+01 11.00000  1.8258791e+01
 3.3960819e+00   3.7235545e+01 11.91640  2.1248861e+01
 3.4343899e+00   3.4653104e+01 11.66190  2.4277101e+01
 3.4726979e+00   3.4862954e+01 11.74730  2.7230227e+01
 3.5110059e+00   2.7678800e+01 11.70470  2.9984536e+01
 3.5493139e+00   3.2310491e+01 11.61890  3.2414132e+01
 3.5876219e+00   2.4788007e+01 11.40180  3.4400298e+01
 3.6259299e+00   2.7364025e+01 11.57580  3.5841048e+01
 3.6642379e+00   5.2856530e+01 12.40970  3.6659777e+01
 3.7025459e+00   2.0967879e+01 11.18030  3.6812014e+01
 3.7408539e+00   3.9676658e+01 11.91640  3.6289413e+01
 3.7791619e+00   4.1321198e+01 11.87430  3.5120520e+01
 3.8174699e+00   2.9974303e+01 11.66190  3.3368183e+01
 3.8557778e+00   1.7355459e+01 10.72380  3.1123956e+01
 3.8940858e+00   4.2111348e+01 11.83220  2.8500183e+01
 3.9323938e+00   3.6239828e+01 11.66190  2.5620707e+01
 3.9707018e+00   2.9914346e+01 11.40180  2.2611283e+01
 4.0090098e+00   2.8582440e+01 11.26940  1.9590698e+01
 4.0473178e+00   6.1520332e+00 10.19800  1.6663463e+01
 4.0856258e+00   1.9982868e+01 10.77030  1.3914615e+01
 4.1239338e+00   9.9486071e+00 10.39230  1.1406904e+01
 4.1622418e+00   1.0314774e+01 10.39230  9.1802603e+00
 4.2005498e+00   8.9764444e+00 10.14890  7.2532533e+00
 4.2388578e+00   2.5867228e+00  9.79796  5.6260212e+00
 4.2771658e+00  -1.3109209e+01  9.27362  4.2841103e+00
 4.3154738e+00   2.2633832e+01 10.86280  3.2026601e+00
 4.3537818e+00   1.6132761e+01 10.39230  2.3504577e+00
 4.3920897e+00   1.4854389e+01 10.44030  1.6935052e+00
 4.4303977e+00   4.4539604e+00 10.04990  1.1978873e+00
 4.4687057e+00   2.3214132e+01 10.72380  8.3185518e-01
 4.5070137e+00   1.1773018e+01 10.29560  5.6715239e-01
 4.5453217e+00   1.7817986e+01 10.34410  3.7968003e-01
 4.5836297e+00   7.9764444e+00 10.09950  2.4964289e-01
 4.6219377e+00   2.4156316e+01 10.81670  1.6132743e-01
 4.6602457e+00   1.3974303e+01 10.04990  1.0265373e-01
 4.6985537e+00  -8.3725920e+00  9.21954  6.4619741e-02
 4.7368617e+00   6.7537464e+00  9.74679  4.0727182e-02
 4.7751697e+00   2.0265524e+01 10.44030  2.6448898e-02
 4.8134777e+00   1.0886509e+01  9.79796  1.8772717e-02
 4.8517857e+00   6.8415408e+00  9.84886  1.5837047e-02
 4.8900937e+00   5.8929327e+00  9.64365  1.6660218e-02
 4.9284016e+00  -3.3511787e+00  9.16515  2.0957589e-02
 4.9667096e+00  -2.5610288e+00  9.11043  2.9036681e-02
 5.0050176e+00   2.7032119e+01 10.63010  4.1759732e-02
 5.0433256e+00   4.9164873e+00  9.64365  6.0563767e-02
 5.0816336e+00   1.0584582e+01  9.84886  8.7529574e-02
 5.1199416e+00   2.9100633e+00  9.43398  1.2549212e-01
 5.1582496e+00   1.2869378e+01  9.94987  1.7818535e-01
 5.1965576e+00   1.4124196e+01  9.84886  2.5041384e-01
 5.2348656e+00   2.5642397e+01 10.53570  3.4824209e-01
 5.2731736e+00   3.0256950e+00  9.32738  4.7918983e-01
 5.3114816e+00  -6.6830844e+00  8.88819  6.5241801e-01
 5.3497896e+00   1.2107065e+01  9.79796  8.7888626e-01
 5.3880976e+00   3.4089927e+00  9.27362  1.1714587e+00
 5.4264055e+00   2.0428257e+00  9.21954  1.5449308e+00
 5.4647135e+00   5.4668085e+00  9.32738  2.0159490e+00
 5.5030215e+00   1.3554603e+01  9.84886  2.6027916e+00
 5.5413295e+00   2.2055666e+00  9.21954  3.3249853e+00
 5.5796375e+00   2.7477515e+01 10.29560  4.2027336e+00
 5.6179455e+00   1.6565310e+01  9.84886  5.2561452e+00
 5.6562535e+00   1.0832976e+01  9.59166  6.5042626e+00
 5.6945615e+00   1.8850106e+01  9.94987  7.9639068e+00
 5.7328695e+00   4.7755888e+01 11.13550  9.6483757e+00
 5.7711775e+00   2.1197001e+01  9.74679  1.1566054e+01
 5.8094855e+00   1.4304068e+01  9.79796  1.3719008e+01
 5.8477935e+00   2.6813704e+01 10.09950  1.6101668e+01
 5.8861015e+00   2.7017130e+01 10.09950  1.8699702e+01
 5.9244095e+00   5.4644539e+01 11.31370  2.1489187e+01
 5.9627174e+00   3.9162740e+01 10.72380  2.4436198e+01
 6.0010254e+00   4.8708779e+01 11.09050  2.7496905e+01
 6.0393334e+00   3.8040684e+01 10.67710  3.0618236e+01
 6.0776414e+00   4.8115631e+01 11.04540  3.3739148e+01
 6.1159494e+00   1.8685224e+01  9.59166  3.6792489e+01
 6.1542574e+00   5.2563168e+01 11.22500  3.9707391e+01
 6.1925654e+00   6.1329764e+01 11.48910  4.2412082e+01
 6.2308734e+00   4.3899357e+01 10.67710  4.4836977e+01
 6.2691814e+00   4.8516059e+01 10.95450  4.6917848e+01
 6.3074894e+00   4.3835117e+01 10.63010  4.8598880e+01
 6.3457974e+00   5.6957173e+01 11.22500  4.9835402e+01
 6.3841054e+00   5.4520342e+01 11.00000  5.0596094e+01
 6.4224134e+00   3.7113490e+01 10.19800  5.0864521e+01
 6.4607214e+00   4.1520342e+01 10.39230  5.0639873e+01
 6.4990293e+00   3.6717344e+01 10.04990  4.9936858e+01
 6.5373373e+00   6.2368308e+01 11.22500  4.8784762e+01
 6.5756453e+00   3.9154175e+01 10.29560  4.7225738e+01
 6.6139533e+00   5.0269807e+01 10.72380  4.5312466e+01
 6.6522613e+00   5.3246252e+01 10.81670  4.3105345e+01
 6.6905693e+00   4.3460385e+01 10.19800  4.0669431e+01
 6.7288773e+00   4.0653104e+01 10.19800  3.8071322e+01
 6.7671853e+00   4.2698072e+01 10.04990  3.5376200e+01
 6.8054933e+00   3.1890792e+01  9.64365  3.2645205e+01
 6.8438013e+00   3.2728051e+01  9.69536  2.9933289e+01
 6.8821093e+00   2.6314775e+01  9.27362  2.7287630e+01
 6.9204173e+00   3.5569593e+01  9.59166  2.4746660e+01
 6.9587253e+00   2.5145610e+01  9.11043  2.2339698e+01
 6.9970333e+00   1.5383297e+01  8.42615  2.0087122e+01
 7.0353412e+00   1.9017130e+01  8.66025  1.8001018e+01
 7.0736492e+00   2.1458244e+01  8.66025  1.6086169e+01
 7.1119572e+00   2.2603854e+01  8.77496  1.4341287e+01
 7.1502652e+00   2.7152028e+00  7.74597  1.2760351e+01
 7.1885732e+00   3.5725909e+01  9.48683  1.1333952e+01
 7.2268812e+00   2.8702355e+01  9.05539  1.0050544e+01
 7.2651892e+00   1.6970021e+01  8.42615  8.8975406e+00
 7.3034972e+00   1.9149892e+01  8.48528  7.8622143e+00
 7.3418052e+00   1.0254817e+01  8.00000  6.9323680e+00
 7.3801132e+00   5.0449673e+00  7.54983  6.0967933e+00
 7.4184212e+00   9.6488217e+00  7.68115  5.3455275e+00
 7.4567292e+00   8.0685219e+00  7.81025  4.6699409e+00
 7.4950372e+00  -2.6188442e+00  6.78233  4.0626938e+00
 7.5333452e+00  -1.1426125e+01  6.32456  3.5176011e+00
 7.5716531e+00   7.5032115e+00  7.48331  3.0294431e+00
 7.6099611e+00  -3.2762367e-01  7.07107  2.5937550e+00
 7.6482691e+00   3.9336183e+00  7.28011  2.2066218e+00
 7.6865771e+00   5.7708774e+00  7.41620  1.8644974e+00
 7.7248851e+00   4.4796569e+00  7.21110  1.5640587e+00
 7.7631931e+00  -4.1306215e+00  6.63325  1.3021008e+00
 7.8015011e+00   8.6723763e+00  7.68115  1.0754714e+00
 7.8398091e+00   2.1884363e+00  6.92820  8.8104221e-01
 7.8781171e+00   1.2762307e+00  7.00000  7.1570767e-01
 7.9164251e+00   6.6659524e+00  7.41620  5.7640570e-01
 7.9547331e+00  -3.0321204e+00  6.63325  4.6015090e-01
 7.9930411e+00  -7.4732384e-01  6.78233  3.6407347e-01
 8.0313491e+00  -5.4389772e-01  6.78233  2.8545776e-01
 8.0696570e+00   4.2933614e+00  7.14143  2.2177605e-01
 8.1079650e+00  -5.6895080e+00  6.32456  1.7071457e-01
 8.1462730e+00   6.5952886e+00  7.21110  1.3019043e-01
 8.1845810e+00   8.4582390e-01  6.92820  9.8359125e-02
 8.2228890e+00  -9.2762318e+00  6.16441  7.3613304e-02
 8.2611970e+00   2.4154171e+00  7.00000  5.4574107e-02
 8.2995050e+00  -5.7901503e+00  5.83095  4.0076640e-02
 8.3378130e+00  -4.2312638e+00  6.16441  2.9151338e-02
 8.3761210e+00  -5.1606042e-01  6.48074  2.1002864e-02
 8.4144290e+00  -4.9807285e+00  6.24500  1.4987990e-02
 8.4527370e+00  -8.7430411e+00  5.74456  1.0593675e-02
 8.4910450e+00  -3.3597435e+00  6.08276  7.4162243e-03
 8.5293530e+00  -1.0513923e+00  6.32456  5.1421853e-03
 8.5676610e+00  -6.8072810e+00  5.83095  3.5313247e-03
 8.6059689e+00   9.7858668e+00  7.14143  2.4018714e-03
 8.6442769e+00   7.5588824e-01  6.24500  1.6180117e-03
 8.6825849e+00   9.2505310e-01  6.40312  1.0795219e-03
 8.7208929e+00  -3.0578163e+00  6.00000  7.1334162e-04
 8.7592009e+00  -4.4753789e-01  6.16441  4.6685146e-04
 8.7975089e+00  -6.0406856e+00  5.65685  3.0260347e-04
 8.8358169e+00  -2.2698113e-01  6.08276  1.9425950e-04
 8.8741249e+00   5.9314734e-01  6.24500  1.2351030e-04
 8.9124329e+00   6.8072801e+00  6.48074  7.7774284e-05
 8.9507409e+00   1.3019268e+00  6.16441  4.8504320e-05
 8.9890489e+00  -2.3319062e+00  5.83095  2.9959599e-05
 9.0273569e+00  -4.6873665e+00  5.38516  1.8327467e-05
 9.0656649e+00   5.3126335e+00  6.24500  1.1104003e-05
 9.1039729e+00   1.1614561e+01  6.63325  6.6629599e-06
 9.1422808e+00  -6.4025700e+00  5.19615  3.9597261e-06
 9.1805888e+00   6.5974300e+00  6.32456  2.3306298e-06
 9.2188968e+00   7.2655243e+00  6.24500  1.3585999e-06
 9.2572048e+00   4.9164879e+00  6.00000  7.8436806e-07
 9.2955128e+00   6.3169131e-01  5.65685  4.4849562e-07
 9.3338208e+00   3.3533187e+00  6.08276  2.5398405e-07
 9.3721288e+00  -1.0064274e-01  5.65685  1.4245069e-07
 9.4104368e+00  -3.6359746e+00  5.19615  7.9128432e-08
 9.4487448e+00   1.4988970e-02  5.47723  4.3532177e-08
 9.4870528e+00  -2.9379018e+00  5.38516  2.3719091e-08
 9.5253608e+00   5.9743037e+00  6.00000  1.2799573e-08
 9.5636688e+00  -6.6937905e+00  5.00000  6.8407345e-09
 9.6019768e+00   7.1605992e+00  6.16441  3.6209270e-09
 9.6402848e+00  -7.4154179e+00  4.69042  1.8982201e-09
 9.6785927e+00   9.1134901e+00  6.16441  9.8556015e-10
 9.7169007e+00   0.0000000e+00  0.00000  5.0679167e-10
 9.7552087e+00   0.0000000e+00  0.00000  2.5809854e-10
                                                      
                                                      
                                                      
-2.4583537e-02   0.0000000e+00  0.00000  1.2997603e-11
 1.5400140e-02   0.0000000e+00  0.00000  8.3655973e-11
 5.5383817e-02   0.0000000e+00  0.00000  5.0750640e-10
 9.5367494e-02   0.0000000e+00  0.00000  2.9019970e-09
 1.3535117e-01   0.0000000e+00  0.00000  1.5640955e-08
 1.7533485e-01   0.0000000e+00  0.00000  7.9458515e-08
 2.1531852e-01   0.0000000e+00  0.00000  3.8047708e-07
 2.5530220e-01   0.0000000e+00  0.00000  1.7172259e-06
 2.9528588e-01   0.0000000e+00  0.00000  7.3052865e-06
 3.3526956e-01   0.0000000e+00  0.00000  2.9292603e-05
 3.7525323e-01   0.0000000e+00  0.00000  1.1071069e-04
 4.1523691e-01   0.0000000e+00  0.00000  3.9439563e-04
 4.5522059e-01   0.0000000e+00  0.00000  1.3242975e-03
 4.9520426e-01  -1.2184159e+00  6.70820  4.1913117e-03
 5.3518794e-01  -2.1177764e+00 17.77640  1.2503320e-02
 5.7517162e-01  -1.9100680e+00 18.68150  3.5156996e-02
 6.1515529e-01   9.8497599e-02 17.94440  9.3177114e-02
 6.5513897e-01   1.1659526e+01 18.00000  2.3276513e-01
 6.9512265e-01  -2.5224843e+01 16.30950  5.4807233e-01
 7.3510633e-01   2.6145580e+00 16.79290  1.2163801e+00
 7.7509000e-01  -3.7312637e+01 15.26430  2.5445584e+00
 8.1507368e-01  -1.1850110e+01 15.81140  5.0172720e+00
 8.5505736e-01   9.1520316e+00 16.09350  9.3247147e+00
 8.9504103e-01   2.6721625e+01 16.61320  1.6334920e+01
 9.3502471e-01   1.8854387e+01 16.27880  2.6972017e+01
 9.7500839e-01   5.3548177e+01 16.94110  4.1978508e+01
 1.0149921e+00   4.2209848e+01 16.49240  6.1583061e+01
 1.0549757e+00   6.2143467e+01 16.85230  8.5157337e+01
 1.0949594e+00   1.0554389e+02 18.02780  1.1099900e+02
 1.1349431e+00   1.3515846e+02 18.68150  1.3638561e+02
 1.1749268e+00   1.6733190e+02 19.44220  1.5797872e+02
 1.2149104e+00   1.7578586e+02 19.69770  1.7252732e+02
 1.2548941e+00   2.0187366e+02 20.39610  1.7767753e+02
 1.2948778e+00   1.1529122e+02 18.05550  1.7261427e+02
 1.3348615e+00   1.4994004e+02 18.78830  1.5829608e+02
 1.3748452e+00   1.1614347e+02 17.86060  1.3719112e+02
 1.4148288e+00   1.2570664e+02 18.05550  1.1261377e+02
 1.4548125e+00   9.0141326e+01 16.91150  8.7905452e+01
 1.4947962e+00   7.8738756e+01 16.43170  6.5733430e+01
 1.5347799e+00   3.7379013e+01 15.19870  4.7697879e+01
 1.5747635e+00   1.5177728e+01 14.69690  3.4293917e+01
 1.6147472e+00   3.7901497e+01 15.13270  2.5146754e+01
 1.6547309e+00   3.6483938e+01 15.19870  1.9374068e+01
 1.6947146e+00   9.8029958e+00 14.21270  1.5937558e+01
 1.7346982e+00   2.7188435e+01 15.00000  1.3898188e+01
 1.7746819e+00  -1.0109210e+01 13.56470  1.2550328e+01
 1.8146656e+00   2.6081368e+01 14.69690  1.1453133e+01
 1.8546493e+00   3.4582421e+00 13.78400  1.0395713e+01
 1.8946330e+00   1.5057814e+01 14.28290  9.3317351e+00
 1.9346166e+00   7.0042807e+00 13.85640  8.3093085e+00
 1.9746003e+00   5.4518181e+00 13.78400  7.4111095e+00
 2.0145840e+00  -2.3897218e+01 12.64910  6.7113630e+00
 2.0545677e+00  -1.4751608e+01 13.03840  6.2508713e+00
 2.0945513e+00  -8.0364046e+00 13.30410  6.0280912e+00
 2.1345350e+00  -1.1473235e+01 13.07670  6.0025130e+00
 2.1745187e+00   1.9057796e+00 13.71130  6.1059064e+00
 2.2145024e+00  -1.6443257e+01 13.00000  6.2571266e+00
 2.2544860e+00  -3.2291240e+00 13.37910  6.3768850e+00
 2.2944697e+00   1.6486079e+01 14.10670  6.3999094e+00
 2.3344534e+00   2.7747321e+01 14.45680  6.2829907e+00
 2.3744371e+00  -4.7216294e+00 13.52770  6.0083847e+00
 2.4144208e+00   7.2590987e+00 13.74770  5.5828346e+00
 2.4544044e+00  -8.4282674e+00 13.00000  5.0330860e+00
 2.4943881e+00  -8.9271968e+00 13.11490  4.3991640e+00
 2.5343718e+00  -1.1820148e+00 13.52770  3.7268480e+00
 2.5743555e+00   1.6578157e+01 14.00000  3.0607000e+00
 2.6143391e+00   1.3788007e+01 13.96420  2.4386981e+00
 2.6543228e+00  -1.2374734e+01 13.00000  1.8890682e+00
 2.6943065e+00  -6.1841561e+00 13.07670  1.4294114e+00
 2.7342902e+00  -1.6588867e+01 12.96150  1.0677957e+00
 2.7742738e+00  -1.0683085e+01 13.03840  8.0520297e-01
 2.8142575e+00  -8.5139206e+00 13.19090  6.3863092e-01
 2.8542412e+00   1.5612418e+01 13.89240  5.6420781e-01
 2.8942249e+00   3.1235544e+01 14.56020  5.7983967e-01
 2.9342086e+00   2.2008563e+01 14.21270  6.8709863e-01
 2.9741922e+00   1.0674517e+01 11.18030  8.9222714e-01
 3.0141759e+00   1.4447536e+01 11.31370  1.2062469e+00
 3.0541596e+00   7.1862943e+00 11.04540  1.6442229e+00
 3.0941433e+00   1.2698072e+01 11.31370  2.2237585e+00
 3.1341269e+00   6.6338317e+00 11.00000  2.9628185e+00
 3.1741106e+00  -2.4710933e+00 10.53570  3.8770029e+00
 3.2140943e+00   1.8441112e+01 11.40180  4.9764575e+00
 3.2540780e+00  -1.3725922e+00 10.53570  6.2626764e+00
 3.2940617e+00   2.0441112e+01 11.48910  7.7255409e+00
 3.3340453e+00   9.0149769e-01 10.77030  9.3409996e+00
 3.3740290e+00   2.5428264e+01 11.53260  1.1069814e+01
 3.4140127e+00   1.3736616e+01 11.04540  1.2857746e+01
 3.4539964e+00   1.1044967e+01 10.95450  1.4637438e+01
 3.4939800e+00   3.4865095e+01 12.04160  1.6332034e+01
 3.5339637e+00   3.8143468e+01 12.08300  1.7860360e+01
 3.5739474e+00   5.1434678e+00 10.63010  1.9143211e+01
 3.6139311e+00   2.9231262e+01 11.78980  2.0110089e+01
 3.6539147e+00   1.3475374e+01 11.09050  2.0705599e+01
 3.6938984e+00   2.5638114e+01 11.61890  2.0894703e+01
 3.7338821e+00   1.2910063e+01 10.86280  2.0666132e+01
 3.7738658e+00   5.7194849e+00 10.72380  2.0033498e+01
 3.8138495e+00   8.6488211e+00 10.72380  1.9033952e+01
 3.8538331e+00   1.5546027e+00 10.19800  1.7724572e+01
 3.8938168e+00   2.3374731e+01 11.26940  1.6176969e+01
 3.9338005e+00   1.3513918e+01 10.77030  1.4470819e+01
 3.9737842e+00   1.5310491e+01 10.86280  1.2687139e+01
 4.0137678e+00  -2.2012859e+00 10.00000  1.0902067e+01
 4.0537515e+00   8.0428255e+00 10.48810  9.1818165e+00
 4.0937352e+00   1.1985010e+01 10.72380  7.5791931e+00
 4.1337189e+00   1.6571733e+01 10.86280  6.1318558e+00
 4.1737025e+00   1.9449678e+01 11.00000  4.8622302e+00
 4.2136862e+00   2.7426123e+01 11.31370  3.7787986e+00
 4.2536699e+00   1.9331905e+01 10.77030  2.8783705e+00
 4.2936536e+00   1.9957163e+00 10.09950  2.1488919e+00
 4.3336373e+00  -5.1392920e-02  9.89950  1.5723812e+00
 4.3736209e+00   2.9417558e+01 11.00000  1.1276590e+00
 4.4136046e+00  -2.2248395e+01  8.83176  7.9264316e-01
 4.4535883e+00  -9.7002247e-01  9.84886  5.4609244e-01
 4.4935720e+00   1.7884367e+01 10.72380  3.6877858e-01
 4.5335556e+00   7.4239819e+00 10.04990  2.4413841e-01
 4.5735393e+00   1.9291220e+01 10.77030  1.5850293e-01
 4.6135230e+00   7.2612410e+00 10.04990  1.0101814e-01
 4.6535067e+00   5.3597420e+00  9.89950  6.3369803e-02
 4.6934903e+00   4.0342602e+00  9.84886  3.9409049e-02
 4.7334740e+00   3.7901489e+00  9.84886  2.4752677e-02
 4.7734577e+00   5.5460375e+00  9.94987  1.6409184e-02
 4.8134414e+00   1.4085652e+01 10.19800  1.2460553e-02
 4.8534251e+00  -1.1862965e+00  9.64365  1.1813929e-02
 4.8934087e+00   8.6445386e+00 10.04990  1.4026331e-02
 4.9333924e+00   3.5974294e+00  9.69536  1.9199120e-02
 4.9733761e+00   4.3768727e+00  9.79796  2.7936021e-02
 5.0133598e+00   3.2976349e-01  9.48683  4.1357851e-02
 5.0533434e+00  -5.4818084e-01  9.43398  6.1167588e-02
 5.0933271e+00  -4.4903650e+00  9.16515  8.9760169e-02
 5.1333108e+00  -5.4539625e+00  9.38083  1.3037160e-01
 5.1732945e+00   1.3167023e+01 10.14890  1.8726140e-01
 5.2132781e+00   5.2012838e+00  9.64365  2.6592038e-01
 5.2532618e+00   1.6194860e+01 10.09950  3.7329284e-01
 5.2932455e+00   7.0899348e+00  9.59166  5.1799796e-01
 5.3332292e+00   1.3997858e+01 10.09950  7.1052990e-01
 5.3732129e+00   1.1740898e+01  9.79796  9.6341095e-01
 5.4131965e+00   9.3361790e-01  9.38083  1.2912666e+00
 5.4531802e+00   3.9186205e-01  9.16515  1.7107876e+00
 5.4931639e+00   2.8246252e+01 10.53570  2.2405420e+00
 5.5331476e+00   1.4526766e+01 10.09950  2.9006020e+00
 5.5731312e+00   2.5066380e+01 10.44030  3.7119550e+00
 5.6131149e+00   1.5728051e+01  9.79796  4.6956801e+00
 5.6530986e+00   7.6937893e+00  9.48683  5.8718855e+00
 5.6930823e+00   6.1349028e+00  9.27362  7.2584246e+00
 5.7330659e+00   1.3124196e+01  9.79796  8.8694309e+00
 5.7730496e+00   1.5304068e+01  9.84886  1.0713741e+01
 5.8130333e+00   7.3040676e+00  9.43398  1.2793301e+01
 5.8530170e+00   1.5843682e+01  9.69536  1.5101669e+01
 5.8930007e+00   2.5826552e+01 10.24700  1.7622758e+01
 5.9329843e+00   8.3961448e+00  9.32738  2.0329947e+01
 5.9729680e+00   1.8366166e+01  9.69536  2.3185698e+01
 6.0129517e+00   2.5156316e+01  9.94987  2.6141789e+01
 6.0529354e+00   1.7064239e+01  9.69536  2.9140243e+01
 6.0929190e+00   3.3383297e+01 10.39230  3.2114970e+01
 6.1329027e+00   3.6650963e+01 10.58300  3.4994092e+01
 6.1728864e+00   2.1488222e+01  9.84886  3.7702864e+01
 6.2128701e+00   3.7528907e+01 10.63010  4.0167025e+01
 6.2528537e+00   2.6929335e+01 10.00000  4.2316378e+01
 6.2928374e+00   5.9563168e+01 11.53260  4.4088359e+01
 6.3328211e+00   4.6149892e+01 10.86280  4.5431330e+01
 6.3728048e+00   5.0295502e+01 11.09050  4.6307352e+01
 6.4127885e+00   4.1282655e+01 10.48810  4.6694227e+01
 6.4527721e+00   3.0556744e+01 10.09950  4.6586626e+01
 6.4927558e+00   4.6584582e+01 10.67710  4.5996240e+01
 6.5327395e+00   3.7614560e+01 10.39230  4.4950918e+01
 6.5727232e+00   5.3160599e+01 11.04540  4.3492880e+01
 6.6127068e+00   2.0468950e+01  9.48683  4.1676150e+01
 6.6526905e+00   3.3293361e+01  9.94987  3.9563405e+01
 6.6926742e+00   5.1561027e+01 10.86280  3.7222511e+01
 6.7326579e+00   3.6059956e+01  9.94987  3.4722976e+01
 6.7726415e+00   4.0571734e+01 10.19800  3.2132604e+01
 6.8126252e+00   1.6524625e+01  8.83176  2.9514545e+01
 6.8526089e+00   2.4826552e+01  9.21954  2.6924928e+01
 6.8925926e+00   1.7002141e+01  9.00000  2.4411172e+01
 6.9325763e+00   2.1175588e+01  9.05539  2.2011024e+01
 6.9725599e+00   3.7233404e+01  9.84886  1.9752301e+01
 7.0125436e+00   1.2950749e+01  8.94427  1.7653259e+01
 7.0525273e+00   3.2745181e+01  9.64365  1.5723471e+01
 7.0925110e+00   1.6226980e+01  8.60233  1.3965076e+01
 7.1324946e+00  -1.1049257e+00  7.41620  1.2374243e+01
 7.1724783e+00   2.2680942e+01  9.05539  1.0942707e+01
 7.2124620e+00   1.0197002e+01  8.06226  9.6592604e+00
 7.2524457e+00   1.8040685e+01  8.66025  8.5110796e+00
 7.2924293e+00   5.4239823e+00  7.81025  7.4848419e+00
 7.3324130e+00   6.9164822e-01  7.54983  6.5675827e+00
 7.3723967e+00   1.2441113e+01  8.18535  5.7472913e+00
 7.4123804e+00   9.9357542e-01  7.48331  5.0132612e+00
 7.4523641e+00  -4.7794439e+00  7.14143  4.3562306e+00
 7.4923477e+00  -1.0104926e+01  6.78233  3.7683570e+00
 7.5323314e+00  -1.0642404e+00  7.41620  3.2430762e+00
 7.5723151e+00   2.9464662e+00  7.48331  2.7748912e+00
 7.6122988e+00  -8.4197008e+00  6.70820  2.3591340e+00
 7.6522824e+00  -9.5888657e+00  6.48074  1.9917328e+00
 7.6922661e+00   4.4111290e-01  7.41620  1.6690073e+00
 7.7322498e+00  -5.5246258e+00  6.85565  1.3875070e+00
 7.7722335e+00   4.5160594e+00  7.54983  1.1438976e+00
 7.8122171e+00  -1.5199144e+01  6.08276  9.3489397e-01
 7.8522008e+00   6.5567446e+00  7.68115  7.5723441e-01
 7.8921845e+00   9.2826547e+00  7.68115  6.0768697e-01
 7.9321682e+00   2.5777301e+01  8.77496  4.8307779e-01
 7.9721519e+00   1.0143468e+01  7.81025  3.8033184e-01
 8.0121355e+00   1.0385434e+00  7.14143  2.9651769e-01
 8.0521192e+00  -5.0835123e+00  6.70820  2.2888946e-01
 8.0921029e+00  -4.4389727e+00  6.55744  1.7492123e-01
 8.1320866e+00   6.8993571e+00  7.61577  1.3233145e-01
 8.1720702e+00  -1.7066386e+00  6.70820  9.9096043e-02
 8.2120539e+00  -9.8501123e-01  6.92820  7.3450824e-02
 8.2520376e+00  -5.9743046e+00  6.32456  5.3884417e-02
 8.2920213e+00   8.3447533e+00  7.21110  3.9123590e-02
 8.3320049e+00   9.9036398e+00  7.48331  2.8113129e-02
 8.3719886e+00   1.6488174e-01  6.70820  1.9992322e-02
 8.4119723e+00  -1.1021414e+01  5.74456  1.4069918e-02
 8.4519560e+00   6.5310488e+00  7.14143  9.7991094e-03
 8.4919397e+00  -7.5503217e+00  6.08276  6.7537074e-03
 8.5319233e+00   4.1820124e+00  6.92820  4.6063137e-03
 8.5719070e+00  -2.8308355e+00  6.08276  3.1089690e-03
 8.6118907e+00   8.2655202e-01  6.48074  2.0764795e-03
 8.6518744e+00   6.5653100e+00  7.00000  1.3724124e-03
 8.6918580e+00  -9.2548184e+00  5.65685  8.9760506e-04
 8.7318417e+00   1.3141327e+01  7.54983  5.8093546e-04
 8.7718254e+00  -7.3875808e+00  6.08276  3.7205835e-04
 8.8118091e+00  -1.6278373e+01  4.89898  2.3579452e-04
 8.8517927e+00   7.5353315e+00  6.85565  1.4787507e-04
 8.8917764e+00   3.2269803e+00  6.48074  9.1768607e-05
 8.9317601e+00   3.8308347e+00  6.32456  5.6354765e-05
 8.9717438e+00   1.8436827e+00  6.48074  3.4245541e-05
 9.0117275e+00   7.9014950e-01  6.08276  2.0592731e-05
 9.0517111e+00   1.7505353e+01  7.34847  1.2253499e-05
 9.0916948e+00  -2.6038548e+00  6.16441  7.2150988e-06
 9.1316785e+00  -6.1670275e-01  6.00000  4.2039766e-06
 9.1716622e+00   6.9122052e+00  6.55744  2.4238960e-06
 9.2116458e+00  -7.1691653e+00  5.38516  1.3829397e-06
 9.2516295e+00  -2.9486085e+00  5.65685  7.8077876e-07
 9.2916132e+00   9.0578122e-01  5.91608  4.3620249e-07
 9.3315969e+00  -7.0471096e+00  5.38516  2.4114799e-07
 9.3715805e+00  -5.6402573e+00  5.47723  1.3192116e-07
 9.4115642e+00   9.0578122e-01  5.91608  7.1413541e-08
 9.4515479e+00  -8.7623130e+00  5.19615  3.8254445e-08
 9.4915316e+00  -1.8736620e+00  5.56776  2.0277689e-08
 9.5315153e+00  -3.9314779e+00  5.47723  1.0636291e-08
 9.5714989e+00   7.5567448e+00  6.40312  5.5207386e-09
 9.6114826e+00   2.8907888e-01  5.74456  2.8355632e-09
 9.6514663e+00   3.9057812e+00  6.16441  1.4411747e-09
 9.6914500e+00  -3.3040689e+00  5.38516  7.2481825e-10
 9.7314336e+00   1.1329764e+01  6.63325  3.6072543e-10
 9.7714173e+00   5.0620982e+00  6.08276  1.7764769e-10
 9.8114010e+00   3.4453958e+00  5.83095  8.6572012e-11
 9.8513847e+00  -2.8565314e+00  5.38516  4.1747514e-11
 9.8913683e+00   5.3704493e+00  6.16441  1.9921355e-11
 9.9313520e+00   6.9400425e+00  6.24500  9.4068079e-12
 9.9713357e+00  -1.3918633e+00  5.38516  4.3954245e-12
 1.0011319e+01  -6.2055678e+00  5.00000  2.0323314e-12
 1.0051303e+01  -5.0256963e+00  5.00000  9.2987241e-13
 1.0091287e+01   1.7408991e+00  5.38516  4.2100510e-13
 1.0131270e+01   0.0000000e+00  0.00000  1.8861945e-13
 1.0171254e+01   0.0000000e+00  0.00000  8.3622041e-14
                                                      
                                                      
                                                      
-1.3146136e-01   0.0000000e+00  0.00000  3.3818891e-14
-9.1837110e-02   0.0000000e+00  0.00000  2.5042515e-13
-5.2212860e-02   0.0000000e+00  0.00000  1.7497310e-12
-1.2588611e-02   0.0000000e+00  0.00000  1.1535573e-11
 2.7035639e-02   0.0000000e+00  0.00000  7.1759858e-11
 6.6659889e-02   0.0000000e+00  0.00000  4.2120978e-10
 1.0628414e-01   0.0000000e+00  0.00000  2.3328668e-09
 1.4590839e-01   0.0000000e+00  0.00000  1.2191477e-08
 1.8553264e-01   0.0000000e+00  0.00000  6.0117083e-08
 2.2515689e-01   0.0000000e+00  0.00000  2.7971465e-07
 2.6478114e-01   0.0000000e+00  0.00000  1.2280298e-06
 3.0440539e-01   0.0000000e+00  0.00000  5.0872122e-06
 3.4402964e-01  -4.0685225e-02  0.00000  1.9885163e-05
 3.8365389e-01  -4.1563178e+00  8.60233  7.3342925e-05
 4.2327814e-01   2.7580266e+00 17.72000  2.5525181e-04
 4.6290239e-01  -2.5773023e+01 16.70330  8.3823007e-04
 5.0252664e-01   1.9657357e+00 17.00000  2.5974326e-03
 5.4215089e-01   5.6937872e+00 16.67330  7.5947880e-03
 5.8177513e-01  -1.9107069e+01 15.45960  2.0954726e-02
 6.2139938e-01   3.7588862e+01 17.02940  5.4556847e-02
 6.6102363e-01  -1.5663814e+01 15.09970  1.3403716e-01
 7.0064788e-01  -3.1543900e+01 14.31780  3.1075625e-01
 7.4027213e-01   1.0295501e+01 15.32970  6.7990194e-01
 7.7989638e-01  -2.2740924e+00 14.93320  1.4038528e+00
 8.1952063e-01   1.9411133e+01 15.55630  2.7356990e+00
 8.5914488e-01  -1.5503235e+00 14.62870  5.0317194e+00
 8.9876913e-01   3.6338307e+00 14.59450  8.7358624e+00
 9.3839338e-01   9.0171284e+00 14.73090  1.4318247e+01
 9.7801763e-01   3.9207707e+01 15.58850  2.2158510e+01
 1.0176419e+00   3.9160597e+01 15.52420  3.2385845e+01
 1.0572661e+00   3.1282653e+01 15.26430  4.4716320e+01
 1.0968904e+00   3.6578156e+01 15.32970  5.8351633e+01
 1.1365146e+00   4.8937899e+01 15.65250  7.2004849e+01
 1.1761389e+00   8.6147749e+01 16.85230  8.4086707e+01
 1.2157631e+00   1.0402355e+02 17.17560  9.3026329e+01
 1.2553874e+00   9.9477514e+01 17.08800  9.7636975e+01
 1.2950116e+00   7.7047107e+01 16.40120  9.7404343e+01
 1.3346359e+00   8.4790148e+01 16.52270  9.2594201e+01
 1.3742601e+00   7.0522482e+01 16.06240  8.4143668e+01
 1.4138844e+00   5.0203424e+01 15.49190  7.3384492e+01
 1.4535086e+00   5.2668092e+01 15.52420  6.1705989e+01
 1.4931329e+00   5.9824409e+01 15.68440  5.0273086e+01
 1.5327571e+00   4.6160598e+01 15.13270  3.9873474e+01
 1.5723814e+00   2.0010705e+01 14.38750  3.0904447e+01
 1.6120056e+00   1.0021411e+01 13.92840  2.3457791e+01
 1.6516299e+00   2.9659527e+01 14.45680  1.7440634e+01
 1.6912541e+00   1.7618842e+01 14.03570  1.2680940e+01
 1.7308784e+00   3.4229120e+01 14.59450  8.9933808e+00
 1.7705026e+00   5.3811544e+00 13.67480  6.2067899e+00
 1.8101269e+00   1.5839399e+01 13.92840  4.1679612e+00
 1.8497511e+00   2.2747321e+01 14.28290  2.7374869e+00
 1.8893754e+00   3.2304067e+01 14.45680  1.7870961e+00
 1.9289996e+00  -1.4014991e+01 12.84520  1.2008704e+00
 1.9686239e+00  -2.9678820e+00 13.34170  8.7847383e-01
 2.0082481e+00   2.2094217e+01 14.03570  7.3767022e-01
 2.0478724e+00  -2.3631694e+01 12.40970  7.1456459e-01
 2.0874966e+00  -4.0214152e+00 13.15290  7.6157525e-01
 2.1271209e+00   7.7344735e+00 13.60150  8.4412178e-01
 2.1667451e+00  -5.1606015e+00 13.15290  9.3720087e-01
 2.2063694e+00   8.2098482e+00 13.45360  1.0226707e+00
 2.2459936e+00   5.2226962e+00 13.49070  1.0875451e+00
 2.2856179e+00   1.2111347e+01 13.63820  1.1231711e+00
 2.3252421e+00   2.6599570e+01 14.14210  1.1249352e+00
 2.3648664e+00  -1.3573878e+01 12.76710  1.0921068e+00
 2.4044906e+00   9.3725891e+00 13.49070  1.0275192e+00
 2.4441149e+00  -3.7687554e-01 13.19090  9.3694582e-01
 2.4837391e+00   1.4053531e+01 13.74770  8.2818241e-01
 2.5233634e+00  -3.1882229e+01 12.00000  7.0996449e-01
 2.5629876e+00   1.4779441e+01 13.67480  5.9090703e-01
 2.6026119e+00   1.4890790e+01 13.78400  4.7864844e-01
 2.6422361e+00  -4.8179891e+00 13.11490  3.7932967e-01
 2.6818604e+00   1.3907921e+01 13.71130  2.9746158e-01
 2.7214846e+00   2.0246251e+01 14.07120  2.3615616e-01
 2.7611089e+00  -9.6852267e+00 12.80620  1.9763772e-01
 2.8007331e+00   1.5477514e+01 13.74770  1.8391794e-01
 2.8403574e+00   8.1884355e+00 11.40180  1.9751396e-01
 2.8799816e+00   4.0085640e+00 11.26940  2.4210190e-01
 2.9196059e+00  -5.5096373e+00 10.72380  3.2301999e-01
 2.9592301e+00   2.7107065e+01 12.20660  4.4755566e-01
 2.9988544e+00   1.9182012e+01 11.78980  6.2496628e-01
 3.0384786e+00   3.2869366e+00 11.13550  8.6619337e-01
 3.0781029e+00  -7.1541769e+00 10.77030  1.1832412e+00
 3.1177271e+00  -1.9700339e-01 10.77030  1.5882076e+00
 3.1573514e+00  -2.4925066e+00 10.81670  2.0919852e+00
 3.1969756e+00   4.2569580e+00 11.04540  2.7026924e+00
 3.2365999e+00  -1.4423984e+01 10.04990  3.4239504e+00
 3.2762241e+00   2.7867236e+01 12.04160  4.2531772e+00
 3.3158484e+00   1.2569580e+00 10.90870  5.1801189e+00
 3.3554726e+00   1.7704496e+01 11.61890  6.1858642e+00
 3.3950969e+00  -6.0449692e+00 10.63010  7.2425779e+00
 3.4347211e+00   1.1325481e+01 11.18030  8.3141383e+00
 3.4743454e+00   2.7586723e+01 11.83220  9.3577679e+00
 3.5139696e+00   1.1169164e+01 11.26940  1.0326618e+01
 3.5535939e+00   2.3156316e+01 11.61890  1.1173128e+01
 3.5932181e+00   1.3081369e+01 11.26940  1.1852833e+01
 3.6328424e+00   1.8644538e+01 11.40180  1.2328219e+01
 3.6724666e+00  -5.7152047e+00 10.39230  1.2572142e+01
 3.7120909e+00  -6.4882239e+00 10.39230  1.2570397e+01
 3.7517151e+00   9.0342600e+00 11.00000  1.2323085e+01
 3.7913394e+00   2.3214132e+01 11.57580  1.1844608e+01
 3.8309636e+00  -1.1029980e+01 10.00000  1.1162274e+01
 3.8705879e+00  -7.3854401e+00 10.04990  1.0313722e+01
 3.9102121e+00   1.8743039e+01 11.35780  9.3434856e+00
 3.9498364e+00   6.2612408e+00 10.90870  8.2991419e+00
 3.9894606e+00   1.6550320e+01 11.13550  7.2275021e+00
 4.0290849e+00   1.4560904e-01 10.72380  6.1712625e+00
 4.0687091e+00   3.5224827e+00 10.72380  5.1664304e+00
 4.1083334e+00   1.0847965e+01 11.04540  4.2407035e+00
 4.1479576e+00  -2.2740911e+00 10.44030  3.4128407e+00
 4.1875819e+00  -3.3640268e+00  9.94987  2.6929292e+00
 4.2272061e+00  -9.9207720e+00  9.84886  2.0833618e+00
 4.2668304e+00   1.7391862e+01 10.95450  1.5802853e+00
 4.3064546e+00   1.0689506e+01 10.81670  1.1752701e+00
 4.3460789e+00   2.8929325e+00 10.44030  8.5698301e-01
 4.3857031e+00   1.2967879e+01 10.81670  6.1269108e-01
 4.4253274e+00   9.8586712e+00 10.86280  4.2948897e-01
 4.4649516e+00   1.1199132e+00 10.39230  2.9520244e-01
 4.5045759e+00   4.7537355e-01 10.48810  1.9897024e-01
 4.5442001e+00  -5.0899369e+00 10.00000  1.3154347e-01
 4.5838244e+00  -2.3059958e+01  9.21954  8.5361571e-02
 4.6234486e+00  -8.1541767e+00  9.79796  5.4470817e-02
 4.6630729e+00   2.0160598e+01 11.26940  3.4347199e-02
 4.7026971e+00  -7.0385450e+00  9.74679  2.1675577e-02
 4.7423214e+00   6.5952779e-01 10.19800  1.4123991e-02
 4.7819456e+00   4.9249414e-02 10.19800  1.0139209e-02
 4.8215699e+00   2.1903639e+01 11.18030  8.7786714e-03
 4.8611941e+00   1.3775160e+01 10.72380  9.5857509e-03
 4.9008184e+00   3.4967869e+00 10.34410  1.2509823e-02
 4.9404426e+00   1.1717344e+01 10.67710  1.7869600e-02
 4.9800669e+00   5.5074936e+00 10.29560  2.6356931e-02
 5.0196911e+00   2.0229121e+01 11.09050  3.9078064e-02
 5.0593153e+00   4.9507483e+00 10.48810  5.7629614e-02
 5.0989396e+00  -5.4561039e+00 10.00000  8.4206605e-02
 5.1385638e+00   1.1565309e+01 10.53570  1.2173964e-01
 5.1781881e+00   2.6702345e+00 10.14890  1.7405708e-01
 5.2178123e+00   3.6860813e+01 11.53260  2.4606615e-01
 5.2574366e+00   4.8972152e+00 10.29560  3.4394390e-01
 5.2970608e+00   2.3745181e+01 11.04540  4.7532504e-01
 5.3366851e+00   4.0770867e+00 10.19800  6.4946943e-01
 5.3763093e+00   1.8192718e+01 10.77030  8.7738730e-01
 5.4159336e+00   2.9143458e+00 10.14890  1.1718958e+00
 5.4555578e+00  -2.3149894e+01  8.71780  1.5475776e+00
 5.4951821e+00   2.4501070e+01 11.09050  2.0206108e+00
 5.5348063e+00   8.0813694e+00 10.14890  2.6084402e+00
 5.5744306e+00   1.7820127e+01 10.67710  3.3292663e+00
 5.6140548e+00   6.1456092e+00 10.09950  4.2013349e+00
 5.6536791e+00   1.9837258e+01 10.72380  5.2420264e+00
 5.6933033e+00   1.4179871e+01 10.39230  6.4667577e+00
 5.7329276e+00   6.8543887e+00 10.04990  7.8877345e+00
 5.7725518e+00   1.3329763e+01 10.14890  9.5126081e+00
 5.8121761e+00   1.5261241e+01 10.44030  1.1343119e+01
 5.8518003e+00   1.3190577e+01 10.19800  1.3373824e+01
 5.8914246e+00   2.8638115e+01 10.90870  1.5591020e+01
 5.9310488e+00   2.2858671e+01 10.58300  1.7971977e+01
 5.9706731e+00   6.0342602e+00  9.94987  2.0484595e+01
 6.0102973e+00   9.2933520e-01  9.64365  2.3087584e+01
 6.0499216e+00   3.7952890e+01 11.44550  2.5731210e+01
 6.0895458e+00   3.4346894e+01 11.09050  2.8358666e+01
 6.1291701e+00   3.1753746e+01 10.95450  3.0908004e+01
 6.1687943e+00   3.5428265e+01 11.13550  3.3314585e+01
 6.2084186e+00   4.8224838e+01 11.70470  3.5513907e+01
 6.2480428e+00   3.3950749e+01 10.95450  3.7444638e+01
 6.2876671e+00   3.2316916e+01 10.86280  3.9051663e+01
 6.3272913e+00   2.2531048e+01 10.24700  4.0288927e+01
 6.3669156e+00   5.0194860e+01 11.66190  4.1121863e+01
 6.4065398e+00   3.1862954e+01 10.77030  4.1529214e+01
 6.4461641e+00   3.9717344e+01 11.09050  4.1504116e+01
 6.4857883e+00   3.6141327e+01 10.86280  4.1054354e+01
 6.5254126e+00   2.2920770e+01 10.29560  4.0201766e+01
 6.5650368e+00   3.3025695e+01 10.81670  3.8980844e+01
 6.6046611e+00   5.7524624e+01 11.74730  3.7436663e+01
 6.6442853e+00   1.9599571e+01  9.89950  3.5622274e+01
 6.6839096e+00   2.8884367e+01 10.34410  3.3595791e+01
 6.7235338e+00   2.9477515e+01 10.39230  3.1417373e+01
 6.7631581e+00   1.6942183e+01  9.69536  2.9146319e+01
 6.8027823e+00   3.6691648e+01 10.58300  2.6838473e+01
 6.8424066e+00   4.3471091e+01 10.95450  2.4544079e+01
 6.8820308e+00   1.1098500e+01  9.27362  2.2306205e+01
 6.9216551e+00   2.0186295e+01  9.84886  2.0159766e+01
 6.9612793e+00   2.0976445e+01  9.79796  1.8131156e+01
 7.0009036e+00   2.4406851e+01 10.00000  1.6238424e+01
 7.0405278e+00   7.5524617e+00  9.16515  1.4491917e+01
 7.0801521e+00   1.9295502e+01  9.59166  1.2895261e+01
 7.1197763e+00   7.6038536e+00  9.00000  1.1446569e+01
 7.1594006e+00   1.4248393e+01  9.21954  1.0139742e+01
 7.1990248e+00   1.2980727e+01  9.11043  8.9657594e+00
 7.2386491e+00   4.2655239e+00  8.60233  7.9138573e+00
 7.2782733e+00   2.4882226e+01  9.79796  6.9725475e+00
 7.3178976e+00   5.9229114e+00  8.77496  6.1304211e+00
 7.3575218e+00   1.8179864e+00  8.48528  5.3767327e+00
 7.3971461e+00   3.6404710e+01 10.24700  4.7017704e+00
 7.4367703e+00  -1.6927196e+01  7.07107  4.0970369e+00
 7.4763946e+00   1.2683083e+01  8.88819  3.5552759e+00
 7.5160188e+00   2.1886509e+01  9.38083  3.0703847e+00
 7.5556431e+00   9.4903633e+00  8.54400  2.6372539e+00
 7.5952673e+00  -2.3511785e+00  8.12404  2.2515700e+00
 7.6348916e+00  -1.0728059e+00  8.06226  1.9096126e+00
 7.6745158e+00   1.2815845e+01  8.71780  1.6080678e+00
 7.7141401e+00  -7.1306279e-01  7.93725  1.3438745e+00
 7.7537643e+00   7.9271941e+00  8.60233  1.1141093e+00
 7.7933886e+00  -3.4689576e-01  7.93725  9.1591211e-01
 7.8330128e+00   3.0663805e+00  8.24621  7.4644935e-01
 7.8726371e+00  -6.3704504e+00  7.48331  6.0290732e-01
 7.9122613e+00   8.8501064e+00  8.36660  4.8250864e-01
 7.9518856e+00  -4.8993583e+00  7.61577  3.8254282e-01
 7.9915098e+00   7.5760165e+00  8.12404  3.0040350e-01
 8.0311341e+00  -3.6788015e+00  7.61577  2.3362590e-01
 8.0707583e+00   1.0850106e+01  8.48528  1.7991983e-01
 8.1103826e+00   1.1777235e-01  7.87401  1.3719506e-01
 8.1500068e+00  -2.7601720e+00  7.68115  1.0357756e-01
 8.1896311e+00  -4.0107073e+00  7.48331  7.7416392e-02
 8.2292553e+00  -7.8715210e+00  7.14143  5.7281904e-02
 8.2688796e+00  -2.6852255e+00  7.54983  4.1956622e-02
 8.3085038e+00  -1.0406853e+01  6.85565  3.0420533e-02
 8.3481281e+00   3.4539608e+00  7.87401  2.1832518e-02
 8.3877523e+00   8.7794371e-01  7.61577  1.5509626e-02
 8.4273766e+00   5.1627403e+00  7.87401  1.0905635e-02
 8.4670008e+00  -6.2441120e+00  7.14143  7.5900740e-03
 8.5066251e+00   1.8308345e+00  7.54983  5.2285459e-03
 8.5462493e+00   4.9057810e+00  7.61577  3.5649321e-03
 8.5858736e+00   3.1156311e+00  7.61577  2.4057661e-03
 8.6254978e+00  -7.9079235e+00  6.78233  1.6068835e-03
 8.6651221e+00  -2.2398293e+00  7.07107  1.0622871e-03
 8.7047463e+00  -5.2805145e+00  6.85565  6.9506278e-04
 8.7443706e+00  -1.5728052e+01  6.08276  4.5012093e-04
 8.7839948e+00   5.0214127e+00  7.48331  2.8850690e-04
 8.8236191e+00  -7.3683089e+00  6.55744  1.8302231e-04
 8.8632433e+00  -2.1820134e+00  7.00000  1.1491372e-04
 8.9028676e+00  -1.4025702e+00  7.14143  7.1410009e-05
 8.9424918e+00  -3.6595294e+00  6.70820  4.3920288e-05
 8.9821161e+00  -1.8408994e+01  5.65685  2.6735587e-05
 9.0217403e+00   5.6895070e+00  7.41620  1.6107658e-05
 9.0613646e+00  -9.9036408e+00  6.24500  9.6049020e-06
 9.1009888e+00  -9.8286943e+00  6.08276  5.6685388e-06
 9.1406131e+00   1.9207704e+00  6.85565  3.3110580e-06
 9.1802373e+00   3.1884363e+00  7.00000  1.9141670e-06
 9.2198616e+00  -1.2438973e+01  5.91608  1.0952420e-06
 9.2594858e+00  -1.4543898e+01  5.65685  6.2023678e-07
 9.2991101e+00  -1.8929341e+00  6.63325  3.4763383e-07
 9.3387343e+00  -6.2826557e+00  6.24500  1.9284288e-07
 9.3783586e+00  -1.9743046e+00  6.63325  1.0587713e-07
 9.4179828e+00   3.1413272e+00  6.85565  5.7533091e-08
 9.4576071e+00  -1.7366172e+00  6.48074  3.0942128e-08
 9.4972313e+00  -7.3661717e-01  6.55744  1.6470227e-08
 9.5368556e+00  -1.9978592e+00  6.55744  8.6769256e-09
 9.5764798e+00   6.7751601e+00  7.14143  4.5242757e-09
 9.6161041e+00  -6.0171310e+00  5.74456  2.3347970e-09
 9.6557283e+00  -5.3704501e+00  6.16441  1.1925211e-09
 9.6953526e+00   4.2633828e+00  6.92820  6.0283698e-10
 9.7349768e+00  -4.3468997e-01  6.48074  3.0161335e-10
 9.7746011e+00  -7.4239833e+00  5.65685  1.4935442e-10
 9.8142253e+00   5.4839396e+00  6.92820  7.3198549e-11
 9.8538496e+00   2.1520338e+00  6.55744  3.5506161e-11
 9.8934738e+00   4.5653100e+00  6.85565  1.7045973e-11
 9.9330981e+00   0.0000000e+00  0.00000  8.0994726e-12
 9.9727223e+00   0.0000000e+00  0.00000  3.8089786e-12
