0.039      0.00      0.00      0.00                   
0.078      0.00      0.00      0.00                   
0.117      0.00      0.00      0.00                   
0.156      0.00      0.00      0.00                   
0.195      0.00      0.00      0.00                   
0.234      0.00      0.00      0.00                   
0.273      0.00      0.00      0.00                   
0.312      0.00      0.00      0.00                   
0.351      0.00      0.00      0.00                   
0.390      0.00      0.00      0.00                   
0.429      0.00   2853.23   3536.64                   
0.468      0.00   2815.80   3470.46                   
0.507      0.00   2779.97   3407.18                   
0.546      0.00   2742.98   3343.94                   
0.585      0.00   2704.61   3281.02                   
0.624      0.00   2665.44   3222.92                   
0.663      0.00   2626.14   3167.48                   
0.702      0.00   2591.78   3134.29                   
0.741     40.50   2562.26   3138.96                   
0.780    133.50   2542.03   3169.11                   
0.819    314.25   2556.41   3295.08                   
0.858    496.00   2602.55   3502.99                   
0.897    852.75   2694.41   3854.86                   
0.936   1319.00   2849.38   4362.04                   
0.975   1586.00   3087.10   5067.78                   
1.014   1939.75   3448.16   6035.49                   
1.053   2340.50   3931.24   7251.05                   
1.092   2911.50   4618.94   9016.78                   
1.131   3507.00   5450.73  10962.70                   
1.170   4488.50   6470.39  13255.00                   
1.209   5548.50   7808.56  16066.30                   
1.248   6727.75   9295.21  19170.40                   
1.287   8388.50  11000.50  22665.90                   
1.326  10694.00  12928.80  26592.70                   
1.365  12980.00  15065.40  30908.10                   
1.404  15805.80  17402.60  35617.70                   
1.443  19998.80  19934.80  40714.50                   
1.482  24103.80  22661.30  46147.00                   
1.521  28484.80  25542.20  51810.40                   
1.560  34585.50  28600.90  57690.50                   
1.599  41771.80  31711.80  63461.40                   
1.638  50390.00  34857.60  69030.30                   
1.677  57732.00  38014.50  74261.90                   
1.716  63627.20  41057.90  78951.20                   
1.755  69516.80  43950.70  83007.80                   
1.794  74504.80  46638.80  86362.70                   
1.833  78858.80  49084.50  89008.90                   
1.872  82228.00  51272.90  91016.20                   
1.911  84424.50  53190.20  92434.90                   
1.950  86364.00  54843.30  93351.30                   
1.989  88400.80  56264.00  93917.90                   
2.028  89044.80  57475.30  94200.90                   
2.067  90098.50  58498.60  94266.30                   
2.106  90970.00  59355.30  94167.50                   
2.145  91093.50  60017.70  93872.10                   
2.184  91810.00  60502.20  93381.40                   
2.223  92110.00  60805.00  92675.10                   
2.262  92062.00  60876.10  91677.50                   
2.301  91923.00  60722.40  90400.30                   
2.340  91141.80  60330.20  88815.20                   
2.379  91198.80  59699.10  86864.00                   
2.418  90381.00  58868.30  84713.60                   
2.457  88660.00  57883.30  82450.70                   
2.496  86681.80  56758.40  80033.40                   
2.535  84735.20  55543.90  77541.50                   
2.574  82910.50  54233.30  74981.80                   
2.613  80781.20  53001.90  72586.20                   
2.652  79639.50  51807.00  70299.40                   
2.691  77746.20  50698.40  68181.30                   
2.730  76387.50  49657.50  66204.80                   
2.769  74905.00  48709.20  64379.60                   
2.808  74190.20  47865.80  62749.00                   
2.847  73384.00  47117.00  61269.70                   
2.886  72775.00  46456.30  59923.20                   
2.925  72755.50  45866.30  58694.70                   
2.964  72059.20  45321.80  57549.80                   
3.003  71584.50  44828.90  56481.40                   
3.042  70926.00  44347.40  55428.80                   
3.081  70601.80  43935.30  54522.70                   
3.120  69648.80  43534.60  53648.00                   
3.159  68698.20  43128.10  52785.60                   
3.198  67751.00  42711.70  51933.00                   
3.237  66596.00  42263.30  51068.60                   
3.276  65472.50  41833.90  50243.50                   
3.315  64091.00  41366.40  49397.30                   
3.354  62704.20  40868.30  48538.20                   
3.393  61377.00  40329.40  47653.50                   
3.432  59964.80  39747.90  46739.40                   
3.471  58510.20  39118.20  45789.20                   
3.510  56837.80  38434.60  44791.20                   
3.549  55628.00  37701.20  43755.70                   
3.588  53483.00  36914.20  42672.70                   
3.627  51778.50  36075.90  41544.70                   
3.666  49820.80  35189.80  40373.20                   
3.705  48330.80  34265.20  39170.00                   
3.744  46330.20  33295.30  37923.30                   
3.783  43949.80  32310.40  36671.70                   
3.822  42603.50  31325.50  35430.70                   
3.861  40975.00  30335.30  34192.30                   
3.900  39195.20  29350.30  32967.90                   
3.939  37235.20  28381.50  31769.80                   
3.978  35593.80  27441.50  30612.60                   
4.017  34580.20  26538.80  29504.30                   
4.056  32911.00  25679.50  28452.50                   
4.095  31873.20  24866.30  27459.30                   
4.134  30976.50  24102.40  26528.30                   
4.173  29797.80  23383.20  25653.40                   
4.212  28923.50  22713.30  24839.30                   
4.251  28133.80  22092.80  24086.00                   
4.290  27450.80  21514.80  23385.20                   
4.329  26429.00  20980.40  22737.40                   
4.368  26185.50  20481.30  22132.90                   
4.407  25279.20  20020.60  21575.30                   
4.446  24815.80  19598.20  21063.70                   
4.485  24469.20  19202.70  20584.90                   
4.524  24063.80  18834.20  20138.90                   
4.563  23446.80  18490.40  19721.00                   
4.602  23134.00  18174.00  19338.50                   
4.641  22752.80  17879.10  18983.50                   
4.680  22680.80  17630.40  18678.80                   
4.719  22441.50  17402.70  18399.40                   
4.758  22030.50  17208.60  18157.10                   
4.797  21757.00  17038.50  17942.70                   
4.836  21342.50  16898.20  17762.30                   
4.875  21240.80  16784.50  17611.70                   
4.914  21148.20  16709.40  17503.20                   
4.953  21500.20  16962.40  17725.90                   
4.992  21378.50  17219.40  17955.40                   
5.031  21376.80  17405.00  18116.10                   
5.070  21436.00  17676.80  18366.00                   
5.109  21863.50  18035.40  18705.40                   
5.148  21972.50  18497.60  19150.80                   
5.187  22288.00  19067.90  19706.50                   
5.226  22681.20  19767.80  20394.10                   
5.265  23068.20  20601.10  21217.50                   
5.304  23790.00  21585.70  22193.80                   
5.343  24804.80  22730.50  23332.70                   
5.382  25792.20  24044.10  24642.00                   
5.421  26810.20  25544.50  26140.00                   
5.460  28083.80  27223.90  27818.40                   
5.499  29514.00  29089.00  29683.90                   
5.538  31220.20  31139.00  31735.50                   
5.577  33033.20  33362.80  33961.80                   
5.616  35376.50  35756.80  36359.30                   
5.655  37509.20  38290.10  38896.80                   
5.694  39614.50  40938.10  41549.10                   
5.733  42292.80  43672.10  44287.50                   
5.772  44862.50  46456.90  47076.50                   
5.811  47356.00  49253.00  49876.50                   
5.850  50519.00  52019.80  52646.40                   
5.889  52567.80  54689.40  55318.20                   
5.928  54863.80  57217.30  57847.10                   
5.967  57336.20  59558.00  60187.40                   
6.006  59322.80  61732.50  62360.00                   
6.045  61362.80  63573.20  64197.10                   
6.084  62871.00  65112.00  65730.70                   
6.123  63780.50  66313.70  66925.30                   
6.162  64882.00  67156.50  67759.20                   
6.201  65141.80  67634.90  68227.30                   
6.240  65300.00  67738.40  68318.70                   
6.279  64800.20  67525.80  68092.80                   
6.318  64756.20  66957.30  67509.60                   
6.357  64103.50  66085.70  66622.30                   
6.396  62970.20  64938.90  65458.90                   
6.435  61725.50  63577.80  64080.70                   
6.474  60573.00  62037.40  62522.80                   
6.513  59754.50  60373.20  60840.90                   
6.552  58105.80  58627.60  59077.50                   
6.591  56710.20  56842.90  57275.30                   
6.630  55150.20  55075.80  55491.00                   
6.669  53901.50  53359.50  53758.00                   
6.708  52227.50  51723.30  52105.60                   
6.747  50800.00  50201.00  50567.70                   
6.786  49604.80  48803.70  49155.50                   
6.825  48405.50  47559.30  47896.90                   
6.864  47571.80  46455.70  46779.70                   
6.903  46378.20  45510.50  45821.70                   
6.942  45408.50  44700.10  44999.10                   
6.981  44735.50  44026.10  44313.50                   
7.020  44140.50  43478.90  43755.30                   
7.059  43430.20  43027.40  43293.40                   
7.098  42561.00  42663.40  42919.40                   
7.137  41971.80  42361.50  42608.00                   
7.176  41668.50  42101.20  42338.50                   
7.215  41299.80  41878.10  42106.60                   
7.254  40739.00  41657.80  41877.50                   
7.293  40271.50  41431.70  41643.50                   
7.332  39929.50  41177.60  41380.80                   
7.371  39747.20  40853.80  41049.50                   
7.410  39407.00  40365.50  40554.00                   
7.449  38713.00  40041.10  40222.80                   
7.488  38451.00  39593.40  39768.30                   
7.527  37983.50  39214.40  39382.70                   
7.566  37634.20  38771.90  38933.80                   
7.605  37251.80  38271.50  38427.30                   
7.644  37012.80  37727.50  37877.20                   
7.683  36236.00  37134.50  37278.30                   
7.722  35641.20  36506.70  36644.80                   
7.761  35598.50  35851.00  35983.50                   
7.800  35224.50  35176.00  35303.20                   
7.839  34510.80  34488.50  34610.50                   
7.878  33542.00  33801.20  33918.20                   
7.917  33295.20  33108.80  33220.90                   
7.956  32807.50  32422.50  32530.00                   
7.995  32539.00  31753.30  31856.30                   
8.034  31635.20  31093.60  31192.30                   
8.073  31231.00  30452.40  30546.90                   
8.112  30675.20  29832.40  29922.80                   
8.151  30444.20  29235.30  29321.90                   
8.190  29584.20  28662.20  28745.00                   
8.229  29045.80  28120.10  28199.40                   
8.268  28460.20  27596.30  27672.20                   
8.307  28026.00  27101.90  27174.40                   
8.346  27600.20  26625.00  26694.30                   
8.385  27146.50  26175.80  26242.20                   
8.424  26731.20  25736.10  25799.60                   
8.463  26361.50  25309.90  25370.50                   
8.502  25286.50  24923.70  24981.70                   
8.541  25026.80  24542.00  24597.40                   
8.580  24936.80  24175.70  24228.70                   
8.619  24332.50  23824.20  23874.80                   
8.658  24117.00  23482.40  23530.70                   
8.697  23728.20  23095.60  23141.80                   
8.736  23104.20  22784.70  22828.90                   
8.775  22900.80  22483.70  22525.80                   
8.814  22491.80  22179.00  22219.30                   
8.853  22030.80  21883.70  21922.20                   
8.892  21839.00  21584.50  21621.20                   
8.931  21648.00  21294.10  21329.10                   
8.970  21238.20  20999.30  21032.70                   
9.009  21123.00  20690.20  20722.20                   
9.048  20657.50  20404.80  20435.30                   
9.087  20262.80  20122.90  20152.00                   
9.126  20009.00  19845.90  19873.70                   
9.165  19501.80  19563.70  19590.20                   
9.204  19563.80  19289.70  19315.00                   
9.243  19136.50  19010.30  19034.40                   
9.282  18727.50  18728.50  18751.50                   
9.321  18258.50  18461.60  18483.50                   
9.360  18146.80  18186.30  18207.20                   
9.399  17967.80  17923.10  17943.10                   
9.438  17715.20  17661.30  17680.30                   
9.477  17834.20  17395.00  17413.10                   
9.516  17613.50  17137.30  17154.60                   
9.555  17161.80  16878.70  16895.20                   
9.594  16765.80  16625.40  16641.10                   
9.633  16506.80  16368.00  16383.00                   
9.672  16332.00  16118.70  16133.00                   
9.711  16059.20  15868.90  15882.50                   
9.750  15885.50  15624.30  15637.20                   
9.789  15770.20  15375.30  15387.60                   
9.828  15470.50  15135.60  15147.30                   
9.867  15079.80  14895.10  14906.30                   
9.906  15204.20  14657.20  14667.80                   
9.945  14877.80  14423.90  14434.00                   
9.984  14526.50  14186.20  14195.80                   
                                                      
                                                      
                                                      
 4.0804070e-03   0.0000000e+00  0.00000  8.4466223e-11
 4.2464837e-02   0.0000000e+00  0.00000  4.8505194e-10
 8.0849266e-02   0.0000000e+00  0.00000  2.6376695e-09
 1.1923370e-01   0.0000000e+00  0.00000  1.3582495e-08
 1.5761813e-01   0.0000000e+00  0.00000  6.6231706e-08
 1.9600256e-01   0.0000000e+00  0.00000  3.0582979e-07
 2.3438699e-01   0.0000000e+00  0.00000  1.3372771e-06
 2.7277141e-01   0.0000000e+00  0.00000  5.5372126e-06
 3.1115584e-01   0.0000000e+00  0.00000  2.1711495e-05
 3.4954027e-01   0.0000000e+00  0.00000  8.0615344e-05
 3.8792470e-01   0.0000000e+00  0.00000  2.8344971e-04
 4.2630913e-01   0.0000000e+00  0.00000  9.4376918e-04
 4.6469356e-01  -3.3557046e-02  0.00000  2.9756956e-03
 5.0307799e-01   1.5281881e+01  9.89950  8.8847666e-03
 5.4146242e-01  -4.2885845e+00 16.09350  2.5121224e-02
 5.7984685e-01   3.8993346e+00 15.93740  6.7262966e-02
 6.1823128e-01  -3.0885901e+01 14.38750  1.7055162e-01
 6.5661571e-01   3.7651059e+00 15.13270  4.0953010e-01
 6.9500014e-01   2.7637589e+01 15.55630  9.3126528e-01
 7.3338457e-01  -2.9664381e+00 14.38750  2.0055277e+00
 7.7176900e-01  -1.0651002e+01 13.85640  4.0903961e+00
 8.1015343e-01   1.0550340e+01 14.07120  7.9013747e+00
 8.4853786e-01   2.1503360e+01 14.52580  1.4456642e+01
 8.8692229e-01   4.2557051e+01 15.13270  2.5055205e+01
 9.2530672e-01   6.7758393e+01 15.77970  4.1138611e+01
 9.6369115e-01   6.4375843e+01 15.58850  6.4003483e+01
 1.0020756e+00   9.8268460e+01 16.37070  9.4380171e+01
 1.0404600e+00   1.2989933e+02 17.32050  1.3196648e+02
 1.0788444e+00   2.1408054e+02 19.54480  1.7507809e+02
 1.1172289e+00   2.0760403e+02 19.28730  2.2060667e+02
 1.1556133e+00   2.5134900e+02 20.46950  2.6442484e+02
 1.1939977e+00   3.1904698e+02 21.95450  3.0223745e+02
 1.2323822e+00   3.5104027e+02 22.69360  3.3069344e+02
 1.2707666e+00   3.1539598e+02 21.93170  3.4842235e+02
 1.3091510e+00   3.6467114e+02 22.89100  3.5662507e+02
 1.3475354e+00   3.5477853e+02 22.64950  3.5896482e+02
 1.3859199e+00   3.1387920e+02 21.84030  3.6073209e+02
 1.4243043e+00   4.0936242e+02 23.87470  3.6750378e+02
 1.4626887e+00   4.1391276e+02 23.81180  3.8367912e+02
 1.5010732e+00   4.2494631e+02 24.14540  4.1129717e+02
 1.5394576e+00   4.7528188e+02 25.15950  4.4943223e+02
 1.5778420e+00   4.6625504e+02 24.96000  4.9428394e+02
 1.6162265e+00   5.2272484e+02 26.05760  5.3989934e+02
 1.6546109e+00   5.6455034e+02 26.77690  5.7933124e+02
 1.6929953e+00   6.4947651e+02 28.33730  6.0596814e+02
 1.7313797e+00   5.7456376e+02 26.92580  6.1475987e+02
 1.7697642e+00   5.6585235e+02 26.88870  6.0310089e+02
 1.8081486e+00   5.3148322e+02 26.05760  5.7121200e+02
 1.8465330e+00   5.6059732e+02 26.75820  5.2197116e+02
 1.8849175e+00   4.8520806e+02 25.27850  4.6026421e+02
 1.9233019e+00   3.9271812e+02 23.34520  3.9202899e+02
 1.9616863e+00   3.1781880e+02 21.67950  3.2322172e+02
 2.0000708e+00   2.6485906e+02 20.39610  2.5892741e+02
 2.0384552e+00   2.3474497e+02 19.69770  2.0277261e+02
 2.0768396e+00   1.7793289e+02 18.11080  1.5670294e+02
 2.1152240e+00   1.5826846e+02 17.54990  1.2109314e+02
 2.1536085e+00   9.3053695e+01 15.65250  9.5090382e+01
 2.1919929e+00   7.2107386e+01 14.86610  7.7065584e+01
 2.2303773e+00   5.4536916e+01 14.28290  6.5059257e+01
 2.2687618e+00   5.2651010e+01 14.14210  5.7143662e+01
 2.3071462e+00   5.2308728e+01 14.17740  5.1665318e+01
 2.3455306e+00   4.8416111e+01 14.00000  4.7367297e+01
 2.3839150e+00   2.3369131e+01 12.96150  4.3413194e+01
 2.4222995e+00   3.3268460e+01 13.34170  3.9343783e+01
 2.4606839e+00   2.9758393e+01 13.45360  3.4996696e+01
 2.4990683e+00   3.1000003e+01 13.26650  3.0413675e+01
 2.5374528e+00   2.4724836e+01 13.07670  2.5752530e+01
 2.5758372e+00   3.4845641e+01 13.52770  2.1214119e+01
 2.6142216e+00   2.5100705e+00 12.28820  1.6989144e+01
 2.6526061e+00   3.5469802e+01 13.41640  1.3225449e+01
 2.6909905e+00   1.4093994e+00 12.24740  1.0013642e+01
 2.7293749e+00   1.7409399e+01 12.68860  7.3870691e+00
 2.7677593e+00   3.0308728e+01 13.37910  5.3313955e+00
 2.8061438e+00   2.1127520e+01 12.92280  3.7991210e+00
 2.8445282e+00   2.2610742e+01 12.88410  2.7250942e+00
 2.8829126e+00  -6.7113873e-01  9.74679  2.0402337e+00
 2.9212971e+00   3.1463089e+01 11.26940  1.6818748e+00
 2.9596815e+00   2.4140942e+01 10.86280  1.6002276e+00
 2.9980659e+00   2.4489935e+01 10.77030  1.7611931e+00
 3.0364504e+00   1.0134250e+00  9.69536  2.1462037e+00
 3.0748348e+00   1.8664432e+01 10.44030  2.7498890e+00
 3.1132192e+00   2.7060405e+01 10.86280  3.5763095e+00
 3.1516036e+00   2.4791948e+01 10.53570  4.6343621e+00
 3.1899881e+00   2.5060405e+01 10.77030  5.9328249e+00
 3.2283725e+00   3.3369129e+01 10.86280  7.4754176e+00
 3.2667569e+00   3.4617452e+01 11.04540  9.2562261e+00
 3.3051414e+00   2.7932888e+01 10.63010  1.1255849e+01
 3.3435258e+00   1.4644297e+01 10.14890  1.3438644e+01
 3.3819102e+00   8.5637605e+00  9.94987  1.5751444e+01
 3.4202947e+00   3.7543626e+01 11.22500  1.8124049e+01
 3.4586791e+00   3.2362418e+01 10.86280  2.0471658e+01
 3.4970635e+00   2.2570472e+01 10.34410  2.2699228e+01
 3.5354479e+00   2.6651009e+01 10.67710  2.4707477e+01
 3.5738324e+00   2.0040271e+01 10.44030  2.6400038e+01
 3.6122168e+00   2.5697989e+01 10.53570  2.7691049e+01
 3.6506012e+00   2.6765103e+01 10.58300  2.8512345e+01
 3.6889857e+00   4.6046982e+01 11.35780  2.8819410e+01
 3.7273701e+00   2.6744968e+01 10.48810  2.8595380e+01
 3.7657545e+00   1.8691277e+01 10.24700  2.7852570e+01
 3.8041389e+00   2.4986579e+01 10.58300  2.6631358e+01
 3.8425234e+00   2.5100673e+01 10.48810  2.4996544e+01
 3.8809078e+00   2.4979868e+01 10.39230  2.3031661e+01
 3.9192922e+00   3.2550354e+00  9.21954  2.0831914e+01
 3.9576767e+00   7.3825522e+00  9.48683  1.8496592e+01
 3.9960611e+00   1.6523492e+01  9.89950  1.6121776e+01
 4.0344455e+00   1.8885908e+01 10.04990  1.3794077e+01
 4.0728300e+00   1.0422821e+01  9.59166  1.1585935e+01
 4.1112144e+00   3.8859079e+00  9.27362  9.5527435e+00
 4.1495988e+00   9.1409414e+00  9.38083  7.7318566e+00
 4.1879832e+00   1.1744985e+00  8.94427  6.1432489e+00
 4.2263677e+00   1.1302015e+01  9.53939  4.7914956e+00
 4.2647521e+00   4.6442971e+00  9.11043  3.6686207e+00
 4.3031365e+00   1.3355723e+00  9.00000  2.7573595e+00
 4.3415210e+00   1.2013441e+00  9.00000  2.0344322e+00
 4.3799054e+00   1.9046982e+01  9.84886  1.4735103e+00
 4.4182898e+00   7.2013441e+00  9.32738  1.0476723e+00
 4.4566743e+00   1.3550337e+01  9.53939  7.3124966e-01
 4.4950587e+00   1.2214783e+00  8.83176  5.0105799e-01
 4.5334431e+00   7.8523508e+00  9.21954  3.3707656e-01
 4.5718275e+00   1.0442955e+01  9.16515  2.2267954e-01
 4.6102120e+00   1.3671143e+01  9.64365  1.4453859e-01
 4.6485964e+00  -4.6308708e+00  8.36660  9.2313345e-02
 4.6869808e+00  -7.5838756e-01  8.54400  5.8230107e-02
 4.7253653e+00   1.0402686e+01  9.21954  3.6627031e-02
 4.7637497e+00   1.3006713e+01  9.32738  2.3520165e-02
 4.8021341e+00  -1.1275151e+00  8.54400  1.6223756e-02
 4.8405186e+00  -2.3489759e-01  8.66025  1.3041184e-02
 4.8789030e+00   2.6174513e+00  8.66025  1.3030882e-02
 4.9172874e+00   2.6845799e-01  8.36660  1.5844064e-02
 4.9556718e+00   2.2993290e+01  9.69536  2.1627274e-02
 4.9940563e+00   9.8657884e-01  8.54400  3.0981460e-02
 5.0324407e+00   6.4228204e+00  8.83176  4.4969599e-02
 5.0708251e+00  -7.7449648e+00  8.00000  6.5165828e-02
 5.1092096e+00   9.0000016e+00  8.88819  9.3739969e-02
 5.1475940e+00   2.2744968e+01  9.53939  1.3357185e-01
 5.1859784e+00   1.6731545e+01  9.32738  1.8838946e-01
 5.2243628e+00   2.6845653e+00  8.36660  2.6292404e-01
 5.2627473e+00   6.4496660e+00  8.60233  3.6307282e-01
 5.3011317e+00   1.1181210e+01  8.88819  4.9605786e-01
 5.3395161e+00  -4.3825488e+00  7.93725  6.7056569e-01
 5.3779006e+00   8.0402700e+00  8.77496  8.9684932e-01
 5.4162850e+00   3.0577183e+01  9.94987  1.1867708e+00
 5.4546694e+00   2.1026847e+01  9.59166  1.5537603e+00
 5.4930539e+00   1.3758391e+01  8.94427  2.0126668e+00
 5.5314383e+00   3.2684580e+00  8.54400  2.5794759e+00
 5.5698227e+00   8.7516794e+00  8.71780  3.2708760e+00
 5.6082071e+00   1.1496646e+01  8.77496  4.1036587e+00
 5.6465916e+00   9.9932901e+00  8.71780  5.0939504e+00
 5.6849760e+00   4.1744981e+00  8.24621  6.2562862e+00
 5.7233604e+00   2.6597317e+01  9.59166  7.6025517e+00
 5.7617449e+00   1.3604028e+01  8.83176  9.1408368e+00
 5.8001293e+00   1.8174498e+01  9.05539  1.0874261e+01
 5.8385137e+00   3.3040270e+01  9.84886  1.2799848e+01
 5.8768982e+00   1.9308726e+01  9.11043  1.4907537e+01
 5.9152826e+00   2.5288592e+01  9.32738  1.7179427e+01
 5.9536670e+00   2.7268458e+01  9.32738  1.9589339e+01
 5.9920514e+00   1.0979867e+01  8.60233  2.2102793e+01
 6.0304359e+00   1.9932887e+01  8.94427  2.4677439e+01
 6.0688203e+00   5.4966444e+01 10.72380  2.7264003e+01
 6.1072047e+00   4.3697988e+01  9.94987  2.9807727e+01
 6.1455892e+00   3.5711411e+01  9.69536  3.2250263e+01
 6.1839736e+00   3.6234901e+01  9.79796  3.4531958e+01
 6.2223580e+00   2.0040270e+01  8.88819  3.6594379e+01
 6.2607424e+00   2.5832216e+01  9.00000  3.8382965e+01
 6.2991269e+00   1.7409397e+01  8.71780  3.9849607e+01
 6.3375113e+00   3.6838927e+01  9.53939  4.0955002e+01
 6.3758957e+00   4.5261746e+01 10.04990  4.1670597e+01
 6.4142802e+00   2.8489934e+01  9.21954  4.1980008e+01
 6.4526646e+00   5.4093961e+01 10.48810  4.1879777e+01
 6.4910490e+00   3.7187921e+01  9.43398  4.1379437e+01
 6.5294335e+00   5.7456377e+01 10.44030  4.0500875e+01
 6.5678179e+00   2.6624162e+01  8.83176  3.9277027e+01
 6.6062023e+00   3.6456377e+01  9.38083  3.7750029e+01
 6.6445867e+00   4.1295303e+01  9.59166  3.5968943e+01
 6.6829712e+00   3.8610739e+01  9.32738  3.3987228e+01
 6.7213556e+00   2.6859062e+01  8.83176  3.1860142e+01
 6.7597400e+00   4.3744968e+01  9.59166  2.9642236e+01
 6.7981245e+00   3.5805370e+01  9.21954  2.7385097e+01
 6.8365089e+00   2.0838927e+01  8.36660  2.5135475e+01
 6.8748933e+00   2.3147652e+01  8.42615  2.2933866e+01
 6.9132778e+00   2.2315437e+01  8.36660  2.0813605e+01
 6.9516622e+00   1.7536914e+01  7.87401  1.8800459e+01
 6.9900466e+00   1.1530202e+01  7.54983  1.6912703e+01
 7.0284310e+00   8.5302024e+00  7.34847  1.5161581e+01
 7.0668155e+00   1.4355706e+01  7.81025  1.3552095e+01
 7.1051999e+00   2.7033558e+01  8.48528  1.2084000e+01
 7.1435843e+00   1.3436243e+01  7.61577  1.0752912e+01
 7.1819688e+00   1.5154363e+01  7.54983  9.5514315e+00
 7.2203532e+00   1.9852350e+01  7.87401  8.4702072e+00
 7.2587376e+00  -6.2885896e+00  6.08276  7.4988774e+00
 7.2971221e+00  -8.5234800e-01  6.48074  6.6268468e+00
 7.3355065e+00   2.4161175e-01  6.63325  5.8438803e+00
 7.3738909e+00   2.9731554e+00  6.85565  5.1405145e+00
 7.4122753e+00   1.7919473e+00  6.55744  4.5082975e+00
 7.4506598e+00  -1.1409299e-01  6.48074  3.9398834e+00
 7.4890442e+00   6.1879204e+00  6.92820  3.4290115e+00
 7.5274286e+00   1.6362417e+01  7.54983  2.9704033e+00
 7.5658131e+00   2.2483230e+00  6.32456  2.5596103e+00
 7.6041975e+00   7.5033566e+00  6.85565  2.1928394e+00
 7.6425819e+00   2.9328868e+00  6.55744  1.8667802e+00
 7.6809663e+00  -2.8053682e+00  6.16441  1.5784500e+00
 7.7193508e+00   1.0221477e+01  6.85565  1.3250679e+00
 7.7577352e+00   2.4295311e+00  6.55744  1.1039619e+00
 7.7961196e+00   1.6644305e+00  6.48074  9.1250982e-01
 7.8345041e+00  -1.3765100e+01  5.09902  7.4811118e-01
 7.8728885e+00   8.7449673e+00  6.85565  6.0818339e-01
 7.9112729e+00  -6.7104623e-03  6.40312  4.9017685e-01
 7.9496574e+00  -1.5637575e+00  6.16441  3.9160165e-01
 7.9880418e+00  -3.5503347e+00  5.83095  3.1005961e-01
 8.0264262e+00   6.7315444e+00  6.48074  2.4327675e-01
 8.0648106e+00  -3.8926086e-01  6.16441  1.8913214e-01
 8.1031951e+00  -9.0067106e+00  5.19615  1.4568053e-01
 8.1415795e+00  -7.4496636e+00  5.47723  1.1116743e-01
 8.1799639e+00  -7.3825495e+00  5.47723  8.4036378e-02
 8.2183484e+00   1.9865780e+00  6.24500  6.2928756e-02
 8.2567328e+00  -3.8053683e+00  5.65685  4.6677235e-02
 8.2951172e+00   5.9463095e+00  6.24500  3.4294185e-02
 8.3335017e+00  -6.0671133e+00  5.38516  2.4956467e-02
 8.3718861e+00  -2.5503279e-01  5.74456  1.7988004e-02
 8.4102705e+00  -9.4697978e+00  5.09902  1.2841387e-02
 8.4486549e+00  -6.6442873e-01  5.83095  9.0795273e-03
 8.4870394e+00   1.9369128e+01  7.34847  6.3581597e-03
 8.5254238e+00   1.1006712e+01  6.70820  4.4097301e-03
 8.5638082e+00   1.5033565e+00  6.00000  3.0290143e-03
 8.6021927e+00   1.1543632e+00  5.74456  2.0606128e-03
 8.6405771e+00   7.6577188e+00  6.24500  1.3883366e-03
 8.6789615e+00   1.0872491e+00  5.74456  9.2639135e-04
 8.7173460e+00  -5.9731536e+00  5.00000  6.1220089e-04
 8.7557304e+00  -1.2416100e+00  5.47723  4.0067465e-04
 8.7941148e+00   5.8724839e+00  5.91608  2.5970909e-04
 8.8324992e+00   3.0402691e+00  5.65685  1.6671665e-04
 8.8708837e+00  -3.2684557e+00  5.19615  1.0599043e-04
 8.9092681e+00   1.0107383e+01  6.24500  6.6734375e-05
 8.9476525e+00  -4.4966436e+00  5.00000  4.1612842e-05
 8.9860370e+00   6.4765107e+00  5.91608  2.5698019e-05
 9.0244214e+00   9.6510073e+00  6.08276  1.5716871e-05
 9.0628058e+00  -7.4563752e+00  4.58258  9.5197701e-06
 9.1011902e+00   5.2818798e+00  5.74456  5.7105850e-06
 9.1395747e+00   4.8322211e-01  5.29150  3.3925663e-06
 9.1779591e+00   3.5637590e+00  5.38516  1.9960416e-06
 9.2163435e+00  -5.2416101e+00  4.58258  1.1630656e-06
 9.2547280e+00  -7.8724826e+00  4.24264  6.7116938e-07
 9.2931124e+00  -5.7046974e+00  4.47214  3.8357766e-07
 9.3314968e+00   4.3691281e+00  5.38516  2.1710393e-07
 9.3698813e+00  -1.2053691e+01  3.31662  1.2169570e-07
 9.4082657e+00   7.9798663e+00  5.56776  6.7557859e-08
 9.4466501e+00  -9.3959726e+00  3.87298  3.7142373e-08
 9.4850345e+00   1.0436242e+01  5.91608  2.0223508e-08
 9.5234190e+00   3.2214771e+00  5.47723  1.0905269e-08
 9.5618034e+00  -4.6912746e+00  4.35890  5.8238390e-09
 9.6001878e+00  -5.8053685e+00  4.47214  3.0801749e-09
 9.6385723e+00  -8.3959726e+00  4.00000  1.6133716e-09
 9.6769567e+00  -7.9664424e+00  4.12311  8.3692490e-10
 9.7153411e+00   1.8053697e+00  5.09902  4.2996350e-10
 9.7537256e+00   0.0000000e+00  0.00000  2.1876090e-10
 9.7921100e+00   0.0000000e+00  0.00000  1.1023026e-10
                                                      
                                                      
                                                      
-1.9951695e-02   0.0000000e+00  0.00000  1.2726603e-11
 2.0495830e-02   0.0000000e+00  0.00000  8.3093283e-11
 6.0943354e-02   0.0000000e+00  0.00000  5.1065867e-10
 1.0139088e-01   0.0000000e+00  0.00000  2.9539754e-09
 1.4183840e-01   0.0000000e+00  0.00000  1.6084013e-08
 1.8228593e-01   0.0000000e+00  0.00000  8.2431528e-08
 2.2273345e-01   0.0000000e+00  0.00000  3.9765244e-07
 2.6318098e-01   0.0000000e+00  0.00000  1.8056158e-06
 3.0362850e-01   0.0000000e+00  0.00000  7.7171765e-06
 3.4407602e-01   0.0000000e+00  0.00000  3.1045804e-05
 3.8452355e-01   0.0000000e+00  0.00000  1.1755979e-04
 4.2497107e-01   0.0000000e+00  0.00000  4.1901167e-04
 4.6541860e-01   0.0000000e+00  0.00000  1.4057396e-03
 5.0586612e-01   1.1503357e+01  7.14143  4.4391016e-03
 5.4631365e-01  -2.3912745e+01 15.74800  1.3194617e-02
 5.8676117e-01  -1.9604020e+01 16.61320  3.6915610e-02
 6.2720869e-01   5.1812145e+00 16.82260  9.7215363e-02
 6.6765622e-01  -7.1879133e+00 16.15550  2.4097470e-01
 7.0810374e-01   2.5241617e+01 16.70330  5.6223753e-01
 7.4855127e-01   1.3429536e+01 15.93740  1.2347534e+00
 7.8899879e-01   1.0295307e+01 15.52420  2.5524246e+00
 8.2944632e-01   1.2785240e+01 15.32970  4.9663618e+00
 8.6989384e-01   4.3489982e+00 14.73090  9.0957222e+00
 9.1034136e-01   1.4738260e+01 14.96660  1.5680158e+01
 9.5078889e-01   2.7006716e+01 15.36230  2.5443669e+01
 9.9123641e-01   3.0040273e+01 15.13270  3.8862226e+01
 1.0316839e+00   5.7201347e+01 15.71620  5.5872553e+01
 1.0721315e+00   8.4013427e+01 16.64330  7.5613494e+01
 1.1125790e+00   1.2460403e+02 17.72000  9.6325644e+01
 1.1530265e+00   1.0691947e+02 17.14640  1.1551720e+02
 1.1934740e+00   1.2840940e+02 17.66350  1.3042139e+02
 1.2339216e+00   1.1008054e+02 17.11720  1.3864706e+02
 1.2743691e+00   1.4520806e+02 17.86060  1.3881733e+02
 1.3148166e+00   1.5739598e+02 18.24830  1.3096351e+02
 1.3552641e+00   1.2214765e+02 17.17560  1.1652057e+02
 1.3957117e+00   7.1550340e+01 15.62050  9.7924459e+01
 1.4361592e+00   1.0165101e+02 16.40120  7.7965735e+01
 1.4766067e+00   7.5724836e+01 15.55630  5.9132932e+01
 1.5170542e+00   6.5671145e+01 15.32970  4.3151964e+01
 1.5575018e+00   3.9228192e+01 14.31780  3.0821103e+01
 1.5979493e+00  -8.6040230e+00 12.53000  2.2117417e+01
 1.6383968e+00  -5.7181170e+00 12.53000  1.6467068e+01
 1.6788443e+00   2.9959735e+01 13.63820  1.3052716e+01
 1.7192918e+00   3.6308762e+00 12.80620  1.1063707e+01
 1.7597394e+00   1.3369131e+01 12.96150  9.8474845e+00
 1.8001869e+00   5.1006748e+00 12.84520  8.9656500e+00
 1.8406344e+00   5.9396010e+00 12.84520  8.1821253e+00
 1.8810819e+00   3.7785271e+00 12.72790  7.4153960e+00
 1.9215295e+00  -7.9463050e+00 12.40970  6.6801915e+00
 1.9619770e+00  -2.3154325e+00 12.64910  6.0343353e+00
 2.0024245e+00   1.0201346e+01 12.84520  5.5383990e+00
 2.0428720e+00   3.0818796e+01 13.71130  5.2303916e+00
 2.0833196e+00   3.5436277e+00 12.53000  5.1145197e+00
 2.1237671e+00   1.3832218e+01 13.00000  5.1612900e+00
 2.1642146e+00   4.5704734e+00 12.60950  5.3154074e+00
 2.2046621e+00   2.4604030e+01 13.37910  5.5078113e+00
 2.2451097e+00  -6.3087212e+00 12.24740  5.6686081e+00
 2.2855572e+00   1.6664433e+01 13.11490  5.7383923e+00
 2.3260047e+00  -9.8456341e+00 11.91640  5.6763179e+00
 2.3664522e+00   1.1959735e+01 12.96150  5.4641290e+00
 2.4068998e+00  -3.5369092e+00 12.32880  5.1061241e+00
 2.4473473e+00   8.5503391e+00 12.68860  4.6256610e+00
 2.4877948e+00   1.1644299e+01 12.64910  4.0592772e+00
 2.5282423e+00  -1.4476507e+01 11.70470  3.4497518e+00
 2.5686899e+00  -3.0603991e+00 12.28820  2.8394366e+00
 2.6091374e+00   8.3758425e+00 12.72790  2.2649399e+00
 2.6495849e+00   2.0469802e+01 13.03840  1.7538279e+00
 2.6900324e+00   1.7697990e+01 13.15290  1.3235193e+00
 2.7304800e+00   8.9127552e+00 12.72790  9.8210735e-01
 2.7709275e+00   6.8255068e+00 12.56980  7.3055089e-01
 2.8113750e+00   8.9463123e+00 12.72790  5.6555734e-01
 2.8518225e+00   3.5751681e+01 13.71130  4.8252709e-01
 2.8922701e+00  -4.9798623e+00 12.12440  4.7808157e-01
 2.9327176e+00   1.1033561e+01 12.68860  5.5188590e-01
 2.9731651e+00   2.5838961e+00 12.44990  7.0764604e-01
 3.0136126e+00   1.7691277e+01 10.67710  9.5327816e-01
 3.0540602e+00   2.2080560e+00 10.04990  1.3003110e+00
 3.0945077e+00   1.0986579e+01 10.39230  1.7626068e+00
 3.1349552e+00   3.9798679e+00  9.84886  2.3544996e+00
 3.1754027e+00   2.9503358e+01 11.13550  3.0884692e+00
 3.2158502e+00   3.1208076e+00 10.00000  3.9725143e+00
 3.2562978e+00   3.3489954e+00  9.79796  5.0074506e+00
 3.2967453e+00   1.4718123e+01 10.34410  6.1844269e+00
 3.3371928e+00   3.4456378e+01 11.22500  7.4830070e+00
 3.3776403e+00   1.6127519e+01 10.34410  8.8701793e+00
 3.4180879e+00   1.2879197e+01 10.04990  1.0300606e+01
 3.4585354e+00   8.8456397e+00 10.09950  1.1718318e+01
 3.4989829e+00   9.5369148e+00  9.94987  1.3059880e+01
 3.5394304e+00   1.6577183e+01 10.24700  1.4258841e+01
 3.5798780e+00  -6.3087041e-01  9.43398  1.5251068e+01
 3.6203255e+00   1.0906042e+01 10.00000  1.5980388e+01
 3.6607730e+00   3.5637605e+00  9.69536  1.6403833e+01
 3.7012205e+00   2.5805371e+01 10.72380  1.6495837e+01
 3.7416681e+00   1.1791948e+01  9.89950  1.6250784e+01
 3.7821156e+00   1.9120807e+01 10.29560  1.5683583e+01
 3.8225631e+00   5.9261765e+00  9.59166  1.4828158e+01
 3.8630106e+00   1.8087250e+01 10.24700  1.3734097e+01
 3.9034582e+00   5.9664449e+00  9.53939  1.2461893e+01
 3.9439057e+00   9.9731564e+00  9.94987  1.1077426e+01
 3.9843532e+00   1.8751680e+01 10.29560  9.6463874e+00
 4.0248007e+00   1.3677854e+01 10.09950  8.2292738e+00
 4.0652483e+00   1.4281881e+01  9.84886  6.8774794e+00
 4.1056958e+00  -1.3959712e+00  9.11043  5.6307736e+00
 4.1461433e+00  -2.1744947e+00  9.16515  4.5162485e+00
 4.1865908e+00   5.2617469e+00  9.53939  3.5486126e+00
 4.2270384e+00   6.6778543e+00  9.48683  2.7315578e+00
 4.2674859e+00   5.3892636e+00  9.32738  2.0598395e+00
 4.3079334e+00  -8.8791927e+00  8.54400  1.5216957e+00
 4.3483809e+00   7.4496663e+00  9.48683  1.1012716e+00
 4.3888285e+00   3.0268475e+00  9.16515  7.8079182e-01
 4.4292760e+00   8.6308743e+00  9.43398  5.4231969e-01
 4.4697235e+00  -7.6375820e+00  8.54400  3.6903574e-01
 4.5101710e+00   2.6577200e+00  9.16515  2.4604287e-01
 4.5506185e+00   6.9395991e+00  9.27362  1.6076087e-01
 4.5910661e+00   1.2570472e+01  9.59166  1.0300127e-01
 4.6315136e+00  -7.2348975e+00  8.54400  6.4821753e-02
 4.6719611e+00   3.6644314e+00  9.16515  4.0251777e-02
 4.7124086e+00   1.3201344e+01  9.64365  2.4964034e-02
 4.7528562e+00   1.4194633e+01  9.48683  1.5946466e-02
 4.7933037e+00   1.1409576e-01  8.83176  1.1209886e-02
 4.8337512e+00   2.0939615e+00  8.83176  9.5501745e-03
 4.8741987e+00   2.7583910e+00  8.88819  1.0372251e-02
 4.9146463e+00   2.6838928e+01 10.04990  1.3575543e-02
 4.9550938e+00   3.0530203e+01 10.29560  1.9496725e-02
 4.9955413e+00   2.7718138e+00  8.77496  2.8904132e-02
 5.0359888e+00   2.6847392e-02  8.71780  4.3038276e-02
 5.0764364e+00   2.4026863e+00  8.77496  6.3693496e-02
 5.1168839e+00   2.1449666e+01  9.69536  9.3336179e-02
 5.1573314e+00  -1.6288589e+01  7.54983  1.3525471e-01
 5.1977789e+00   3.0671158e+00  8.83176  1.9373506e-01
 5.2382265e+00   1.5657720e+01  9.32738  2.7425337e-01
 5.2786740e+00   1.7651008e+01  9.48683  3.8367373e-01
 5.3191215e+00   6.8322165e+00  9.05539  5.3043441e-01
 5.3595690e+00   1.3201344e+01  9.11043  7.2470131e-01
 5.4000166e+00   2.2013439e+00  8.48528  9.7846229e-01
 5.4404641e+00   1.0966445e+01  9.00000  1.3055318e+00
 5.4809116e+00   4.7516795e+00  8.77496  1.7214327e+00
 5.5213591e+00   3.5966445e+01 10.29560  2.2431230e+00
 5.5618067e+00   1.4684565e+01  9.05539  2.8885376e+00
 5.6022542e+00   2.3201344e+01  9.64365  3.6759241e+00
 5.6427017e+00   1.5093961e+01  9.27362  4.6229656e+00
 5.6831492e+00   1.4523491e+01  9.00000  5.7456980e+00
 5.7235968e+00   3.9489934e+01 10.29560  7.0572547e+00
 5.7640443e+00   3.6597317e+01 10.09950  8.5664927e+00
 5.8044918e+00   5.4832230e+00  8.54400  1.0276580e+01
 5.8449393e+00   2.0134230e+01  9.21954  1.2183645e+01
 5.8853869e+00   2.1208055e+01  9.21954  1.4275611e+01
 5.9258344e+00   3.2006713e+01  9.79796  1.6531330e+01
 5.9662819e+00   2.4630874e+01  9.48683  1.8920154e+01
 6.0067294e+00   2.3087250e+01  9.21954  2.1402033e+01
 6.0471769e+00   2.1114095e+01  9.16515  2.3928224e+01
 6.0876245e+00   1.4872485e+01  8.88819  2.6442643e+01
 6.1280720e+00   3.2583894e+01  9.74679  2.8883826e+01
 6.1685195e+00   3.1798659e+01  9.59166  3.1187451e+01
 6.2089670e+00   1.6342283e+01  8.94427  3.3289246e+01
 6.2494146e+00   2.9530203e+01  9.48683  3.5128144e+01
 6.2898621e+00   2.7000001e+01  9.32738  3.6649442e+01
 6.3303096e+00   2.0812082e+01  8.88819  3.7807741e+01
 6.3707571e+00   3.8308726e+01  9.84886  3.8569436e+01
 6.4112047e+00   2.7912753e+01  9.27362  3.8914566e+01
 6.4516522e+00   4.0080538e+01  9.89950  3.8837865e+01
 6.4920997e+00   2.1859062e+01  8.83176  3.8348928e+01
 6.5325472e+00   4.2442954e+01  9.79796  3.7471485e+01
 6.5729948e+00   2.4926176e+01  9.00000  3.6241838e+01
 6.6134423e+00   3.8510068e+01  9.59166  3.4706600e+01
 6.6538898e+00   3.4798659e+01  9.48683  3.2919921e+01
 6.6943373e+00   2.3798659e+01  8.60233  3.0940417e+01
 6.7347849e+00   4.0892619e+01  9.59166  2.8828051e+01
 6.7752324e+00   2.8046981e+01  9.00000  2.6641183e+01
 6.8156799e+00   1.9624162e+01  8.42615  2.4433990e+01
 6.8561274e+00   2.1885907e+01  8.60233  2.2254409e+01
 6.8965750e+00   2.7818793e+01  8.94427  2.0142687e+01
 6.9370225e+00   1.7684565e+01  8.36660  1.8130593e+01
 6.9774700e+00   2.5369129e+01  8.66025  1.6241235e+01
 7.0179175e+00   2.2718122e+01  8.36660  1.4489446e+01
 7.0583651e+00   1.7751679e+01  8.06226  1.2882597e+01
 7.0988126e+00   2.5791947e+01  8.77496  1.1421736e+01
 7.1392601e+00   1.8255044e+00  6.92820  1.0102896e+01
 7.1797076e+00   1.7932887e+01  7.93725  8.9184509e+00
 7.2201552e+00   2.0550337e+01  8.24621  7.8584091e+00
 7.2606027e+00  -8.5167774e+00  6.24500  6.9115625e+00
 7.3010502e+00   5.9194642e+00  7.28011  6.0664272e+00
 7.3414977e+00   7.6308735e+00  7.28011  5.3119559e+00
 7.3819452e+00   3.5234910e+00  7.07107  4.6380157e+00
 7.4223928e+00   5.6040279e+00  7.07107  4.0356546e+00
 7.4628403e+00   1.7201343e+01  7.87401  3.4971869e+00
 7.5032878e+00   1.5483222e+01  7.61577  3.0161428e+00
 7.5437353e+00  -4.9664419e+00  6.32456  2.5871238e+00
 7.5841829e+00   4.6711420e+00  7.00000  2.2056070e+00
 7.6246304e+00   7.8859070e+00  7.07107  1.8677339e+00
 7.6650779e+00   2.8456386e+00  6.78233  1.5701099e+00
 7.7055254e+00   5.2818802e+00  6.92820  1.3096345e+00
 7.7459730e+00   6.4228198e+00  6.92820  1.0833717e+00
 7.7864205e+00  -2.8858960e-01  6.55744  8.8846317e-01
 7.8268680e+00   4.3221486e+00  6.78233  7.2208240e-01
 7.8673155e+00  -7.8456366e+00  5.83095  5.8142254e-01
 7.9077631e+00   1.2114095e+01  7.41620  4.6371005e-01
 7.9482106e+00   1.9463181e-01  6.40312  3.6623474e-01
 7.9886581e+00  -3.6040259e+00  6.08276  2.8638785e-01
 8.0291056e+00  -8.5771802e+00  5.74456  2.2170123e-01
 8.0695532e+00  -3.0738246e+00  6.16441  1.6988197e-01
 8.1100007e+00   5.2483230e+00  6.55744  1.2883937e-01
 8.1504482e+00  -7.3087239e+00  5.83095  9.6702147e-02
 8.1908957e+00   2.3422828e+00  6.40312  7.1825780e-02
 8.2313433e+00  -3.0134220e+00  5.83095  5.2790669e-02
 8.2717908e+00   7.1812167e-01  6.16441  3.8392538e-02
 8.3122383e+00  -3.7449656e+00  5.74456  2.7626968e-02
 8.3526858e+00   2.4630881e+00  6.16441  1.9669951e-02
 8.3931334e+00  -4.0872474e+00  5.83095  1.3856270e-02
 8.4335809e+00   1.3395974e+01  7.00000  9.6572568e-03
 8.4740284e+00   4.7583900e+00  6.00000  6.6591469e-03
 8.5144759e+00  -2.7315428e+00  5.65685  4.5429204e-03
 8.5549235e+00  -4.1275160e+00  5.47723  3.0661883e-03
 8.5953710e+00   2.5436249e+00  6.00000  2.0474156e-03
 8.6358185e+00   3.4362424e+00  6.16441  1.3525511e-03
 8.6762660e+00   6.3020142e+00  6.40312  8.8397402e-04
 8.7167136e+00  -6.0401898e-02  5.83095  5.7155960e-04
 8.7571611e+00  -4.9865764e+00  5.29150  3.6561013e-04
 8.7976086e+00  -4.6845630e+00  5.29150  2.3137070e-04
 8.8380561e+00  -9.7986503e-01  5.56776  1.4485415e-04
 8.8785036e+00   4.1744974e+00  6.16441  8.9719163e-05
 8.9189512e+00  -1.1409322e-01  5.65685  5.4975668e-05
 8.9593987e+00   1.1590605e+01  6.55744  3.3326243e-05
 8.9998462e+00  -4.8053684e+00  5.09902  1.9986297e-05
 9.0402937e+00  -6.6845630e+00  5.09902  1.1857909e-05
 9.0807413e+00   3.2885913e+00  5.91608  6.9600682e-06
 9.1211888e+00   9.3288660e-01  5.56776  4.0415525e-06
 9.1616363e+00  -2.1342275e+00  5.29150  2.3217324e-06
 9.2020838e+00   6.2080544e+00  5.91608  1.3194872e-06
 9.2425314e+00   8.2080544e+00  6.08276  7.4186895e-07
 9.2829789e+00  -6.6241604e+00  4.69042  4.1264644e-07
 9.3234264e+00   4.6510073e+00  5.65685  2.2706901e-07
 9.3638739e+00   7.0536919e+00  5.83095  1.2361364e-07
 9.4043215e+00   1.0758390e+01  6.08276  6.6573855e-08
 9.4447690e+00  -1.5771806e+00  5.00000  3.5470698e-08
 9.4852165e+00   8.4161080e+00  6.00000  1.8696679e-08
 9.5256640e+00   6.8456382e+00  5.91608  9.7496241e-09
 9.5661116e+00  -9.3825497e+00  4.24264  5.0296753e-09
 9.6065591e+00   1.0194631e+01  6.00000  2.5669693e-09
 9.6470066e+00  -3.8724826e+00  4.69042  1.2960748e-09
 9.6874541e+00  -2.6711403e+00  4.79583  6.4739313e-10
 9.7279017e+00   1.9932892e+00  5.29150  3.1991510e-10
 9.7683492e+00   3.3422824e+00  5.19615  1.5639758e-10
 9.8087967e+00  -2.9731538e+00  4.79583  7.5640422e-11
 9.8492442e+00   5.3355710e+00  5.47723  3.6191492e-11
 9.8896918e+00   2.7986583e+00  5.29150  1.7131195e-11
 9.9301393e+00  -4.5973149e+00  4.47214  8.0222729e-12
 9.9705868e+00  -8.2953015e+00  4.00000  3.7165145e-12
 1.0011034e+01  -8.5369122e+00  4.12311  1.7033459e-12
 1.0051482e+01   1.7718126e+00  5.09902  7.7232216e-13
 1.0091929e+01   2.6778529e+00  5.09902  3.4643579e-13
 1.0132377e+01  -3.1208048e+00  4.47214  1.5373602e-13
 1.0172824e+01  -2.6577176e+00  4.58258  6.7492751e-14
 1.0213272e+01  -3.3221471e+00  4.47214  2.9313471e-14
 1.0253719e+01   0.0000000e+00  0.00000  1.2595226e-14
 1.0294167e+01   0.0000000e+00  0.00000  5.3539377e-15
                                                      
                                                      
                                                      
-7.1374029e-02   0.0000000e+00  0.00000  5.1944781e-13
-3.2929198e-02   0.0000000e+00  0.00000  3.3298912e-12
 5.5156336e-03   0.0000000e+00  0.00000  2.0210253e-11
 4.3960465e-02   0.0000000e+00  0.00000  1.1613604e-10
 8.2405296e-02   0.0000000e+00  0.00000  6.3185273e-10
 1.2085013e-01   0.0000000e+00  0.00000  3.2547564e-09
 1.5929496e-01   0.0000000e+00  0.00000  1.5873588e-08
 1.9773979e-01   0.0000000e+00  0.00000  7.3296981e-08
 2.3618462e-01   0.0000000e+00  0.00000  3.2044380e-07
 2.7462945e-01   0.0000000e+00  0.00000  1.3263956e-06
 3.1307428e-01   0.0000000e+00  0.00000  5.1981702e-06
 3.5151911e-01   0.0000000e+00  0.00000  1.9287908e-05
 3.8996394e-01   0.0000000e+00  0.00000  6.7760750e-05
 4.2840878e-01   9.7651022e+00  8.66025  2.2538827e-04
 4.6685361e-01   4.3422879e+00 16.21730  7.0981709e-04
 5.0529844e-01   2.2073831e+01 16.76310  2.1165382e-03
 5.4374327e-01   4.4228244e+00 15.68440  5.9754890e-03
 5.8218810e-01   9.3758441e+00 15.26430  1.5973221e-02
 6.2063293e-01   1.3315441e+01 15.03330  4.0428570e-02
 6.5907776e-01   1.8121285e-01 14.42220  9.6887481e-02
 6.9752259e-01   1.8187924e+01 14.83240  2.1985623e-01
 7.3596742e-01  -8.0067069e+00 13.71130  4.7240302e-01
 7.7441226e-01   1.6409400e+01 14.31780  9.6117731e-01
 8.1285709e-01  -2.3691232e+00 13.52770  1.8519527e+00
 8.5130192e-01  -1.2986573e+01 12.84520  3.3792176e+00
 8.8974675e-01   2.0604031e+01 14.14210  5.8397539e+00
 9.2819158e-01   3.4140944e+01 14.42220  9.5588973e+00
 9.6663641e-01   1.0590608e+01 13.49070  1.4822208e+01
 1.0050812e+00   9.0201382e+00 13.45360  2.1776410e+01
 1.0435261e+00   1.9348997e+01 13.67480  3.0320105e+01
 1.0819709e+00   4.6583896e+01 14.45680  4.0020714e+01
 1.1204157e+00   6.4973158e+01 14.96660  5.0099845e+01
 1.1588606e+00   4.9557051e+01 14.52580  5.9516797e+01
 1.1973054e+00   6.8738259e+01 15.09970  6.7148816e+01
 1.2357502e+00   5.0577185e+01 14.45680  7.2027241e+01
 1.2741951e+00   6.3892621e+01 15.00000  7.3559078e+01
 1.3126399e+00   7.3624165e+01 15.16580  7.1660426e+01
 1.3510847e+00   1.8114098e+01 13.26650  6.6756690e+01
 1.3895296e+00   7.8422822e+01 15.16580  5.9653112e+01
 1.4279744e+00   4.2020138e+01 13.92840  5.1325625e+01
 1.4664192e+00   2.1704701e+01 13.07670  4.2705072e+01
 1.5048640e+00   6.7664433e+01 14.93320  3.4519174e+01
 1.5433089e+00   3.1295305e+01 13.49070  2.7224269e+01
 1.5817537e+00   4.1328863e+01 13.85640  2.1020918e+01
 1.6201985e+00   1.4369131e+01 12.80620  1.5921419e+01
 1.6586434e+00   3.2953024e+01 13.41640  1.1830800e+01
 1.6970882e+00   1.9328893e+00 12.12440  8.6128947e+00
 1.7355330e+00   9.0536947e+00 12.49000  6.1299335e+00
 1.7739779e+00   6.5772162e-01 12.32880  4.2583014e+00
 1.8124227e+00   9.4295336e+00 12.44990  2.8900272e+00
 1.8508675e+00   7.6845672e+00 12.44990  1.9294438e+00
 1.8893124e+00   2.5503359e+01 13.03840  1.2906472e+00
 1.9277572e+00  -2.0140936e+01 11.22500  8.9727034e-01
 1.9662020e+00   1.8020138e+01 12.64910  6.8361967e-01
 2.0046469e+00   1.2288594e+01 12.40970  5.9564635e-01
 2.0430917e+00  -8.0939564e+00 11.66190  5.9080812e-01
 2.0815365e+00   4.8993627e-01 12.12440  6.3674136e-01
 2.1199813e+00   3.1644299e+01 13.22880  7.0924053e-01
 2.1584262e+00   1.8899332e+01 12.80620  7.9019072e-01
 2.1968710e+00   5.1140973e+00 12.16550  8.6593271e-01
 2.2353158e+00   6.9261779e+00 12.36930  9.2625331e-01
 2.2737607e+00   5.3221509e+00 12.12440  9.6393816e-01
 2.3122055e+00   2.7953023e+01 13.03840  9.7467271e-01
 2.3506503e+00  -2.1624158e+01 11.04540  9.5703730e-01
 2.3890952e+00   2.6711443e+00 12.12440  9.1238781e-01
 2.4275400e+00   1.1275201e+00 12.12440  8.4450516e-01
 2.4659848e+00  -1.5369124e+01 11.40180  7.5900022e-01
 2.5044297e+00  -2.6308691e+00 11.91640  6.6254659e-01
 2.5428745e+00  -6.0536880e+00 11.70470  5.6206570e-01
 2.5813193e+00  -9.1274840e-01 11.87430  4.6400043e-01
 2.6197641e+00  -7.6308693e+00 11.48910  3.7378942e-01
 2.6582090e+00  -4.8120773e+00 11.70470  2.9560732e-01
 2.6966538e+00   2.2248325e+01 12.84520  2.3238087e-01
 2.7350986e+00   2.2953053e+00 11.95830  1.8604256e-01
 2.7735435e+00   7.1476543e+00 12.24740  1.5795099e-01
 2.8119883e+00  -1.5187917e+01  9.11043  1.4939406e-01
 2.8504331e+00  -1.7449641e+00 10.00000  1.6209390e-01
 2.8888780e+00   1.1355707e+01 10.39230  1.9864558e-01
 2.9273228e+00  -1.3060400e+01  9.27362  2.6283771e-01
 2.9657676e+00   1.6946311e+01 10.72380  3.5981710e-01
 3.0042125e+00  -9.4765077e+00  9.59166  4.9606979e-01
 3.0426573e+00   1.6107604e-01  9.79796  6.7919731e-01
 3.0811021e+00   6.5772035e-01  9.84886  9.1747429e-01
 3.1195470e+00   1.5167808e+00  9.94987  1.2191844e+00
 3.1579918e+00   2.4161076e+01 10.95450  1.5917495e+00
 3.1964366e+00   1.3624163e+01 10.48810  2.0406926e+00
 3.2348814e+00   2.0248324e+01 10.63010  2.5685082e+00
 3.2733263e+00  -6.7091919e-03  9.79796  3.1735460e+00
 3.3117711e+00  -5.8456353e+00  9.53939  3.8490434e+00
 3.3502159e+00   1.5590606e+01 10.58300  4.5824570e+00
 3.3886608e+00  -5.5570448e+00  9.38083  5.3552403e+00
 3.4271056e+00   2.8724854e+00  9.84886  6.1431833e+00
 3.4655504e+00   3.1140961e+00  9.79796  6.9173784e+00
 3.5039953e+00   1.1610759e+00  9.59166  7.6458009e+00
 3.5424401e+00   9.9597336e+00 10.04990  8.2954083e+00
 3.5808849e+00   6.6174518e+00  9.94987  8.8345789e+00
 3.6193298e+00   7.1543645e+00  9.94987  9.2356454e+00
 3.6577746e+00  -1.4899307e+00  9.59166  9.4772414e+00
 3.6962194e+00   2.6979887e+00  9.64365  9.5461869e+00
 3.7346643e+00   5.7718337e-01  9.69536  9.4386791e+00
 3.7731091e+00   9.8926196e+00 10.04990  9.1606398e+00
 3.8115539e+00  -7.3154341e+00  9.21954  8.7271752e+00
 3.8499987e+00   1.6127519e+01 10.09950  8.1612160e+00
 3.8884436e+00   1.5114096e+01 10.39230  7.4915098e+00
 3.9268884e+00   9.1677873e+00  9.94987  6.7502076e+00
 3.9653332e+00   1.3872485e+01 10.14890  5.9703282e+00
 4.0037781e+00   2.3194633e+01 10.67710  5.1833744e+00
 4.0422229e+00  -2.9731523e+00  9.38083  4.4173341e+00
 4.0806677e+00  -8.0536703e-01  9.48683  3.6952279e+00
 4.1191126e+00  -8.5973134e+00  9.00000  3.0342790e+00
 4.1575574e+00   6.2617471e+00  9.84886  2.4456996e+00
 4.1960022e+00   2.7919483e+00  9.43398  1.9350137e+00
 4.2344471e+00   9.2281900e+00 10.00000  1.5027904e+00
 4.2728919e+00  -8.5301993e+00  9.00000  1.1456353e+00
 4.3113367e+00   9.3825524e+00  9.84886  8.5729119e-01
 4.3497815e+00   8.6375860e+00  9.89950  6.2971698e-01
 4.3882264e+00   1.9906042e+01 10.44030  4.5404627e-01
 4.4266712e+00  -1.4167783e+01  8.71780  3.2136531e-01
 4.4651160e+00   2.2080557e+00  9.53939  2.2328444e-01
 4.5035609e+00  -7.9865751e+00  8.94427  1.5230712e-01
 4.5420057e+00  -3.1476490e+00  9.16515  1.0202134e-01
 4.5804505e+00   1.6248324e+01 10.19800  6.7149976e-02
 4.6188954e+00   6.1476529e+00  9.43398  4.3500667e-02
 4.6573402e+00   1.9993291e+01 10.29560  2.7853373e-02
 4.6957850e+00  -5.4295283e+00  8.88819  1.7818033e-02
 4.7342299e+00   5.9395993e+00  9.48683  1.1686980e-02
 4.7726747e+00   1.0127519e+01  9.79796  8.2991208e-03
 4.8111195e+00   1.6100673e+01 10.04990  6.9261431e-03
 4.8495644e+00   7.5033577e+00  9.59166  7.1858596e-03
 4.8880092e+00   1.6731546e+01 10.09950  8.9842268e-03
 4.9264540e+00   1.4765292e-01  9.11043  1.2485512e-02
 4.9648988e+00  -6.8657699e+00  8.83176  1.8109092e-02
 5.0033437e+00   5.4899349e+00  9.59166  2.6551123e-02
 5.0417885e+00  -1.2456374e+01  8.42615  3.8829420e-02
 5.0802333e+00   9.8926193e+00  9.53939  5.6349990e-02
 5.1186782e+00  -5.7919444e+00  8.83176  8.0993584e-02
 5.1571230e+00   5.8859079e+00  9.38083  1.1522009e-01
 5.1955678e+00  -2.6375820e+00  8.83176  1.6218758e-01
 5.2340127e+00  -3.4026827e+00  8.77496  2.2588119e-01
 5.2724575e+00  -6.9395954e+00  8.60233  3.1124485e-01
 5.3109023e+00   6.0872502e+00  9.38083  4.2430633e-01
 5.3493472e+00   1.6107401e+00  8.94427  5.7228309e-01
 5.3877920e+00   1.5906042e+01  9.74679  7.6365360e-01
 5.4262368e+00   1.5993290e+01  9.84886  1.0081763e+00
 5.4646816e+00   1.3570472e+01  9.64365  1.3168369e+00
 5.5031265e+00   1.6691277e+01  9.64365  1.7017031e+00
 5.5415713e+00   6.8456554e-01  8.83176  2.1756703e+00
 5.5800161e+00   1.7496646e+01  9.89950  2.7520809e+00
 5.6184610e+00   1.0060404e+01  9.27362  3.4442108e+00
 5.6569058e+00  -3.9463069e+00  8.54400  4.2646220e+00
 5.6953506e+00   1.8630874e+01  9.69536  5.2243931e+00
 5.7337955e+00   7.5503374e+00  9.21954  6.3322526e+00
 5.7722403e+00   2.7718123e+01 10.24700  7.5936529e+00
 5.8106851e+00   8.9530218e+00  9.00000  9.0098382e+00
 5.8491300e+00   9.9395990e+00  9.16515  1.0576969e+01
 5.8875748e+00   4.4832232e+00  8.77496  1.2285377e+01
 5.9260196e+00   3.3557219e-01  8.66025  1.4119024e+01
 5.9644645e+00   1.8234901e+01  9.64365  1.6055241e+01
 6.0029093e+00   2.6503357e+01 10.04990  1.8064805e+01
 6.0413541e+00   2.3832216e+01  9.69536  2.0112397e+01
 6.0797989e+00   1.5684565e+01  9.38083  2.2157468e+01
 6.1182438e+00   2.0617451e+01  9.64365  2.4155496e+01
 6.1566886e+00   2.2228190e+01  9.64365  2.6059596e+01
 6.1951334e+00   2.3812082e+01  9.84886  2.7822401e+01
 6.2335783e+00   3.3040270e+01 10.09950  2.9398129e+01
 6.2720231e+00   4.0664431e+01 10.53570  3.0744685e+01
 6.3104679e+00   4.2114096e+01 10.48810  3.1825689e+01
 6.3489128e+00   3.7677854e+01 10.29560  3.2612265e+01
 6.3873576e+00   4.0395975e+01 10.29560  3.3084482e+01
 6.4258024e+00   4.7315438e+01 10.72380  3.3232333e+01
 6.4642473e+00   3.4476512e+01 10.14890  3.3056184e+01
 6.5026921e+00   4.1583894e+01 10.44030  3.2566650e+01
 6.5411369e+00   3.5194632e+01 10.04990  3.1783920e+01
 6.5795818e+00   3.3973156e+01  9.89950  3.0736581e+01
 6.6180266e+00   2.2073827e+01  9.27362  2.9460023e+01
 6.6564714e+00   3.3463089e+01  9.69536  2.7994549e+01
 6.6949162e+00   2.6751679e+01  9.69536  2.6383326e+01
 6.7333611e+00   4.1080538e+01 10.19800  2.4670323e+01
 6.7718059e+00   2.3536914e+01  9.11043  2.2898357e+01
 6.8102507e+00   1.6483223e+01  8.88819  2.1107386e+01
 6.8486956e+00   5.5369141e+00  8.06226  1.9333115e+01
 6.8871404e+00   8.3624175e+00  8.30662  1.7606001e+01
 6.9255852e+00   2.3704699e+01  9.11043  1.5950649e+01
 6.9640301e+00   1.5073827e+01  8.60233  1.4385619e+01
 7.0024749e+00   3.4906042e+01  9.69536  1.2923591e+01
 7.0409197e+00   1.9651008e+01  8.77496  1.1571825e+01
 7.0793646e+00   8.4295315e+00  8.00000  1.0332852e+01
 7.1178094e+00   2.5503369e+00  7.74597  9.2053051e+00
 7.1562542e+00   9.2349007e+00  8.30662  8.1848150e+00
 7.1946990e+00   1.1630874e+01  8.18535  7.2648986e+00
 7.2331439e+00   1.0013424e+01  8.24621  6.4377781e+00
 7.2715887e+00   7.7986590e+00  7.93725  5.6950916e+00
 7.3100335e+00  -8.4630860e+00  6.78233  5.0284649e+00
 7.3484784e+00  -2.7986565e+00  7.21110  4.4299366e+00
 7.3869232e+00   6.8859072e+00  7.68115  3.8922383e+00
 7.4253680e+00   1.6053692e+01  8.24621  3.4089442e+00
 7.4638129e+00   2.0872495e+00  7.34847  2.9745128e+00
 7.5022577e+00  -5.9463075e+00  6.78233  2.5842446e+00
 7.5407025e+00   2.3979867e+01  8.77496  2.2341841e+00
 7.5791474e+00   1.0456377e+01  7.87401  1.9209901e+00
 7.6175922e+00  -1.0550334e+01  6.48074  1.6417944e+00
 7.6560370e+00   3.7449677e+00  7.54983  1.3940686e+00
 7.6944819e+00  -5.3422807e+00  6.78233  1.1755071e+00
 7.7329267e+00  -4.6778512e+00  6.85565  9.8393635e-01
 7.7713715e+00   6.0604039e+00  7.54983  8.1724961e-01
 7.8098163e+00  -4.5637472e-01  6.92820  6.7336955e-01
 7.8482612e+00  -2.1946297e+00  6.85565  5.5023293e-01
 7.8867060e+00  -8.4765089e+00  6.55744  4.4579371e-01
 7.9251508e+00  -9.3489922e+00  6.16441  3.5803895e-01
 7.9635957e+00  -8.6375827e+00  6.48074  2.8501213e-01
 8.0020405e+00   3.1073837e+00  7.21110  2.2483932e-01
 8.0404853e+00   9.7114105e+00  7.61577  1.7575429e-01
 8.0789302e+00   8.7248436e-01  7.07107  1.3611990e-01
 8.1173750e+00  -8.7248216e-01  6.70820  1.0444405e-01
 8.1558198e+00   9.4832226e+00  7.54983  7.9389422e-02
 8.1942647e+00  -4.1677842e+00  6.40312  5.9776965e-02
 8.2327095e+00  -2.8456365e+00  6.63325  4.4583802e-02
 8.2711543e+00   4.5302024e+00  7.07107  3.2936362e-02
 8.3095992e+00  -3.2885804e-01  6.63325  2.4099922e-02
 8.3480440e+00   1.0335581e+00  6.78233  1.7465693e-02
 8.3864888e+00   5.0738265e+00  7.00000  1.2536515e-02
 8.4249336e+00  -1.1073815e+00  6.70820  8.9121209e-03
 8.4633785e+00   1.4094061e-01  6.63325  6.2746901e-03
 8.5018233e+00  -4.1543614e+00  6.24500  4.3752750e-03
 8.5402681e+00   8.0805379e+00  7.14143  3.0214550e-03
 8.5787130e+00  -1.0885905e+01  5.65685  2.0664324e-03
 8.6171578e+00  -3.0469789e+00  6.24500  1.3996447e-03
 8.6556026e+00  -1.4315435e+01  5.29150  9.3886616e-04
 8.6940475e+00  -5.8053682e+00  5.91608  6.2370184e-04
 8.7324923e+00   3.5167795e+00  6.78233  4.1033288e-04
 8.7709371e+00  -1.6020133e+01  4.69042  2.6735012e-04
 8.8093820e+00  -4.2885897e+00  5.83095  1.7250760e-04
 8.8478268e+00  -1.1140931e+00  6.00000  1.1023489e-04
 8.8862716e+00  -2.4161065e+00  5.91608  6.9760935e-05
 8.9247164e+00  -5.6979857e+00  5.83095  4.3720725e-05
 8.9631613e+00   5.2416116e+00  6.63325  2.7135876e-05
 9.0016061e+00  -1.0919462e+01  5.19615  1.6679439e-05
 9.0400509e+00  -4.3221468e+00  5.83095  1.0153128e-05
 9.0784958e+00  -1.9597306e+00  6.08276  6.1206694e-06
 9.1169406e+00   5.1610747e+00  6.40312  3.6540830e-06
 9.1553854e+00  -3.5838917e+00  5.83095  2.1604200e-06
 9.1938303e+00   9.5973238e-01  6.08276  1.2649640e-06
 9.2322751e+00   3.1543633e+00  6.32456  7.3349688e-07
 9.2707199e+00   2.0135082e-02  6.08276  4.2120973e-07
 9.3091648e+00  -5.0134220e+00  5.65685  2.3954024e-07
 9.3476096e+00   6.3758397e+00  6.32456  1.3490825e-07
 9.3860544e+00  -4.0604019e+00  5.47723  7.5245137e-08
 9.4244993e+00   2.6711417e+00  6.08276  4.1562171e-08
 9.4629441e+00   7.9060411e+00  6.48074  2.2735151e-08
 9.5013889e+00   3.1073833e+00  6.08276  1.2316216e-08
 9.5398337e+00   2.2885913e+00  5.83095  6.6074908e-09
 9.5782786e+00   6.1744974e+00  6.32456  3.5105538e-09
 9.6167234e+00  -2.2953012e+00  5.65685  1.8471173e-09
 9.6551682e+00  -1.8859053e+00  5.56776  9.6248310e-10
 9.6936131e+00   0.0000000e+00  0.00000  4.9667411e-10
 9.7320579e+00   0.0000000e+00  0.00000  2.5382226e-10
