 0.0098  4.8460187e+29 3.9470567e+29 3.1967603e+29
 0.0196  8.5864761e+29 7.0064484e+29 5.7044594e+29
 0.0294  4.3509954e+29 3.6081956e+29 2.9673926e+29
 0.0392  3.7091342e+29 2.4137235e+29 1.9871074e+29
 0.0490  4.3357125e+29 3.3291791e+29 4.0445476e+29
 0.0588  3.0475336e+29 1.4049895e+29 1.1734751e+29
 0.0686  3.3053131e+29 1.4389948e+29 5.4008117e+29
 0.0784  1.8405972e+29 9.8325934e+28 1.0340634e+29
 0.0882  1.3120979e+29 2.5842794e+29 1.3125277e+29
 0.0980  9.6365563e+28 1.1601877e+30 4.6551529e+29
 0.1078  9.9233086e+28 4.9452219e+29 1.5620321e+29
 0.1176  2.2995970e+29 4.4043868e+29 6.0134414e+28
 0.1274  2.5154730e+29 1.4113081e+29 4.6658512e+28
 0.1372  5.5757736e+28 8.0469040e+28 4.0535418e+28
 0.1470  4.8910450e+28 4.5697878e+28 3.5568573e+28
 0.1568  4.4645253e+28 3.6322628e+28 3.2520861e+28
 0.1666  4.3219785e+28 3.3280359e+28 2.9965587e+28
 0.1764  3.5304238e+28 3.0494155e+28 2.7727091e+28
 0.1862  4.9203306e+28 2.9292531e+28 2.5821807e+28
 0.1960  6.7362371e+28 2.8763834e+28 2.4062474e+28
 0.2058  2.8146439e+28 2.4199972e+28 2.2436199e+28
 0.2156  3.3275408e+28 2.4078035e+28 2.1089346e+28
 0.2254  4.4901843e+28 2.1821318e+28 2.0010255e+28
 0.2352  2.6566750e+28 2.0342050e+28 1.8848092e+28
 0.2450  5.2854329e+28 1.9462714e+28 1.7793278e+28
 0.2548  2.2483310e+28 1.8053835e+28 1.6826916e+28
 0.2646  2.4963557e+28 1.7278037e+28 1.5951728e+28
 0.2744  2.7674088e+28 1.9300463e+28 1.5495323e+28
 0.2842  4.8418561e+28 2.5470320e+28 1.5240814e+28
 0.2940  1.6385185e+28 1.4094799e+28 1.3692252e+28
 0.3038  3.4961885e+28 1.9652172e+28 1.3642721e+28
 0.3136  1.7752859e+28 1.2716368e+28 1.2473895e+28
 0.3234  1.3543490e+28 1.2057599e+28 1.1939060e+28
 0.3332  1.6859317e+28 1.1540049e+28 1.1396174e+28
 0.3430  1.4641924e+28 1.1053218e+28 1.0955358e+28
 0.3528  1.3315952e+28 1.0455588e+28 1.0467322e+28
 0.3626  1.1988262e+28 9.9143425e+27 1.0041501e+28
 0.3724  4.1774182e+28 2.1180816e+28 1.3703733e+28
 0.3822  2.0138299e+28 1.2317694e+28 1.0095764e+28
 0.3920  9.6722464e+27 8.5661724e+27 9.1457355e+27
 0.4018  1.5351047e+28 1.0932471e+28 8.9843428e+27
 0.4116  1.4859614e+28 1.0119637e+28 8.8775486e+27
 0.4214  8.6274502e+27 7.5699432e+27 7.9869775e+27
 0.4312  1.2060153e+28 8.7066199e+27 8.1902600e+27
 0.4410  7.4967767e+27 6.9182732e+27 7.4387141e+27
 0.4508  1.0896503e+28 6.6750401e+27 7.2153382e+27
 0.4606  9.0662355e+27 6.7364346e+27 7.0763539e+27
 0.4704  8.9725482e+27 6.2379400e+27 6.7766404e+27
 0.4802  8.0729334e+27 6.3766159e+27 6.6647338e+27
 0.4900  6.1015333e+27 5.8407572e+27 6.3691260e+27
 0.4998  1.5659391e+28 8.8584856e+27 7.3538816e+27
 0.5096  2.1420013e+28 1.0799248e+28 7.4043061e+27
 0.5194  5.1303040e+27 5.1771884e+27 5.7076434e+27
 0.5292  6.4463911e+27 5.7828837e+27 5.8434659e+27
 0.5390  6.3270838e+27 5.5075526e+27 5.5635293e+27
 0.5488  1.2089851e+28 4.6600862e+27 5.2130455e+27
 0.5586  1.5770177e+28 5.5364446e+27 5.1713188e+27
 0.5684  6.2503453e+27 4.4475933e+27 4.9356375e+27
 0.5782  2.5645285e+28 5.5181503e+27 4.8951318e+27
 0.5880  5.2075122e+27 4.9154430e+27 4.7479666e+27
 0.5978  3.9281237e+27 4.1330567e+27 4.6348921e+27
 0.6076  3.8502184e+27 5.2838055e+27 4.8578851e+27
 0.6174  2.6926022e+27 3.5917932e+27 4.2753842e+27
 0.6272  2.9060375e+27 5.0698013e+27 4.8540041e+27
 0.6370  3.0351797e+27 3.7622206e+27 4.1021502e+27
 0.6468  4.5153138e+27 3.3023352e+27 3.9587212e+27
 0.6566  7.4392205e+28 3.0013202e+28 1.4272443e+28
 0.6664  3.6341726e+27 3.1803433e+27 3.7634108e+27
 0.6762  1.8448878e+27 3.0301893e+27 3.6869379e+27
 0.6860  1.7628620e+27 2.9346342e+27 3.5967307e+27
 0.6958  2.3323708e+27 2.8928679e+27 3.5117630e+27
 0.7056  6.4380356e+27 2.8624043e+27 3.4202684e+27
 0.7154  1.8245256e+27 2.6915996e+27 3.3399496e+27
 0.7252  3.6353427e+29 1.8299054e+28 3.2597215e+27
 0.7350  1.7734919e+29 1.0873602e+28 3.1796969e+27
 0.7448  1.3451394e+27 2.4326040e+27 3.1047019e+27
 0.7546  4.0044387e+27 3.5971428e+27 3.0321636e+27
 0.7644  1.5473324e+28 1.0277230e+28 2.9664492e+27
 0.7742  5.8152384e+28 3.5630353e+28 4.0583155e+27
 0.7840  2.4126794e+28 1.6398388e+28 2.8279724e+27
 0.7938  1.7586067e+28 1.2353093e+28 2.7641625e+27
 0.8036  1.7874915e+28 4.4394838e+27 2.7133609e+27
 0.8134  6.1177658e+28 6.4615662e+27 2.9679726e+27
 0.8232  1.8525671e+29 1.4080401e+28 2.6668999e+27
 0.8330  2.5490001e+27 9.0866883e+27 2.8645149e+27
 0.8428  4.3213549e+27 1.1347562e+28 2.4956744e+27
 0.8526  2.5859660e+28 1.8116772e+28 2.4894418e+27
 0.8624  3.5505147e+28 2.4326807e+28 2.3675066e+27
 0.8722  6.7228335e+28 4.6092336e+28 2.3172674e+27
 0.8820  2.1827293e+28 9.1067963e+27 2.6426501e+27
 0.8918  1.7064761e+28 1.0715622e+28 2.3876720e+27
 0.9016  3.9257997e+28 1.5263918e+28 2.4615841e+27
 0.9114  3.5544956e+27 4.5314067e+27 2.3150644e+27
 0.9212  1.4674987e+28 3.7195017e+28 2.4931932e+27
 0.9310  1.1259631e+28 1.2774204e+28 2.2029208e+27
 0.9408  2.9127077e+27 3.4107590e+27 2.1480303e+27
 0.9506  6.3188273e+27 5.9449803e+27 2.1055420e+27
 0.9604  1.3953559e+27 1.4697316e+28 2.2208325e+27
 0.9702  2.0213304e+27 4.7021175e+28 2.8465502e+27
 0.9800  4.8220326e+27 2.1895771e+27 1.9824916e+27
 0.9898  1.8942331e+27 3.3198708e+27 2.1134841e+27
 0.9996  8.8435474e+27 1.4048030e+28 2.9987437e+27
 1.0094  1.7151380e+28 4.3888928e+28 6.0915795e+27
 1.0192  1.9016825e+28 1.2713556e+28 1.1134186e+28
 1.0290  9.5635213e+26 2.0332514e+27 1.8012023e+27
 1.0388  9.3317130e+26 6.5090029e+27 3.9411781e+27
 1.0486  1.7301111e+27 5.2601313e+27 1.7414228e+27
 1.0584  7.2741129e+26 1.1269462e+28 1.7445152e+28
 1.0682  2.1213088e+27 1.9519598e+27 1.6908335e+27
 1.0780  8.0373700e+27 6.9442061e+27 3.1514771e+27
 1.0878  3.5516831e+27 3.9417748e+27 1.0422181e+28
 1.0976  1.3659379e+28 8.2677512e+27 5.5014292e+27
 1.1074  1.0691858e+27 2.0775062e+27 1.1342197e+28
 1.1172  6.8071409e+27 1.6541833e+27 1.5273901e+27
 1.1270  5.4702803e+27 3.8339626e+27 1.7564586e+28
 1.1368  6.1237457e+26 1.6260171e+27 1.4701959e+27
 1.1466  6.2724183e+27 6.2579389e+27 1.6756564e+27
 1.1564  5.7881588e+26 1.9951265e+27 1.4204062e+27
 1.1662  2.9392324e+27 6.3155453e+27 1.6092185e+28
 1.1760  5.2646795e+26 1.8293183e+27 1.3956266e+27
 1.1858  4.7720338e+26 1.0564596e+27 1.4934590e+27
 1.1956  5.5672254e+27 2.0970816e+27 2.3761001e+27
 1.2054  4.3041578e+26 8.4637333e+26 1.2978207e+27
 1.2152  1.5518298e+27 1.8691608e+27 1.6430956e+27
 1.2250  8.0947348e+27 2.9100336e+28 2.0697423e+27
 1.2348  4.6298401e+26 1.4963126e+27 1.5678737e+27
 1.2446  7.9571047e+26 9.8195855e+26 1.8824535e+27
 1.2544  3.2253291e+26 7.5139696e+26 2.0974086e+27
 1.2642  3.1083285e+26 7.2389691e+26 1.1712218e+27
 1.2740  6.4532411e+26 3.4089138e+27 1.2577111e+27
 1.2838  2.8874873e+26 6.9120105e+26 1.7025498e+27
 1.2936  2.7832825e+26 6.7469295e+26 1.1137699e+27
 1.3034  3.1237217e+26 7.4639752e+26 1.1368270e+27
 1.3132  4.7959876e+26 1.6816557e+27 1.7495065e+27
 1.3230  2.7014317e+26 6.7880842e+26 1.7812946e+27
 1.3328  2.7661343e+27 5.0022976e+27 1.6431626e+27
 1.3426  2.0420962e+27 2.2792960e+27 1.1995315e+27
 1.3524  4.7031696e+27 1.5201806e+28 2.1048955e+27
 1.3622  4.3479621e+26 6.5672861e+26 1.6680034e+27
 1.3720  2.4437162e+26 1.2514022e+27 1.4097879e+27
 1.3818  2.4098036e+26 1.1602839e+27 1.0483955e+27
 1.3916  2.2735383e+26 1.5067789e+27 1.7822262e+27
 1.4014  4.1286893e+26 6.8552563e+26 1.0073122e+27
 1.4112  2.1156893e+26 5.9685074e+26 9.9155305e+26
 1.4210  2.7514442e+26 6.1185913e+26 9.7612970e+26
 1.4308  1.9692110e+26 5.7077573e+26 9.6094002e+26
 1.4406  1.8999583e+26 7.6190671e+26 2.1335030e+27
 1.4504  1.8332319e+26 5.4595585e+26 9.3149224e+26
 1.4602  2.0711825e+26 1.6474448e+27 1.0847428e+27
 1.4700  4.0703999e+26 8.2755718e+27 6.9604362e+27
 1.4798  1.6472773e+26 5.1093892e+26 8.8936675e+26
 1.4896  1.5897529e+26 9.3923340e+26 6.0008982e+27
 1.4994  1.5342864e+26 5.4108660e+26 4.3191517e+27
 1.5092  1.4808366e+26 4.7839577e+26 8.4956665e+26
 1.5190  1.4412878e+26 5.9842955e+26 8.3905343e+26
 1.5288  1.3796430e+26 4.5797503e+26 8.2424053e+26
 1.5386  1.3317622e+26 4.4812236e+26 8.1191932e+26
 1.5484  1.2855997e+26 5.1486497e+26 5.4718717e+27
 1.5582  1.2504792e+26 4.2958307e+26 7.8796144e+26
 1.5680  1.1981791e+26 4.1995174e+26 7.7629956e+26
 1.5778  6.4402436e+26 1.5969290e+27 9.7251238e+26
 1.5876  1.8444646e+26 5.5740903e+26 7.8328911e+26
 1.5974  2.6653346e+26 9.9851680e+26 8.9430663e+26
 1.6072  1.0421266e+26 6.1502335e+26 7.6092912e+26
 1.6170  1.0054811e+26 3.7722154e+26 7.2104878e+26
 1.6268  9.7094686e+25 3.7526608e+26 7.5593983e+26
 1.6366  9.3763106e+25 3.6922053e+26 7.8545686e+26
 1.6464  9.0551039e+25 3.5388343e+26 6.9017841e+26
 1.6562  2.2419762e+26 6.3696275e+26 7.2260428e+26
 1.6660  8.4461449e+25 3.3920309e+26 6.7048474e+26
 1.6758  8.1576681e+25 3.3211611e+26 6.6089249e+26
 1.6856  7.8792841e+25 3.2518813e+26 6.5146054e+26
 1.6954  1.3372664e+26 4.4659110e+26 7.3933808e+26
 1.7052  7.3516239e+25 3.1180045e+26 6.3308791e+26
 1.7150  7.1502829e+25 3.2372987e+26 6.3434467e+26
 1.7248  7.0612929e+25 6.0489875e+26 2.2325479e+27
 1.7346  6.6273730e+25 2.9283058e+26 6.0667562e+26
 1.7444  7.9285747e+25 1.0172205e+27 1.3719326e+27
 1.7542  6.1857013e+25 2.8220426e+26 9.1666158e+26
 1.7640  5.9763348e+25 2.7510800e+26 5.8157054e+26
 1.7738  5.7742448e+25 2.6946105e+26 5.7347445e+26
 1.7836  5.5791765e+25 2.6394168e+26 5.6552113e+26
 1.7934  5.3908750e+25 2.5854261e+26 5.5769469e+26
 1.8032  5.2639268e+25 2.5326422e+26 5.4999535e+26
 1.8130  5.0336646e+25 2.4810419e+26 5.4243044e+26
 1.8228  6.7237369e+25 2.5743249e+26 7.4154484e+26
 1.8326  4.7006370e+25 2.3811400e+26 5.2765056e+26
 1.8424  4.3263071e+26 3.9381673e+27 2.8533521e+27
 1.8522  7.1364106e+26 2.5564133e+27 1.4139227e+27
 1.8620  1.0912515e+27 7.5084018e+27 4.6280930e+27
 1.8718  4.1008718e+25 2.1942112e+26 4.9950964e+26
 1.8816  4.0809807e+25 2.8560044e+26 5.6568091e+26
 1.8914  3.8309318e+25 2.1066974e+26 4.8610106e+26
 1.9012  3.7029385e+25 2.0643910e+26 4.7956057e+26
 1.9110  3.6321650e+25 2.3558917e+26 5.0905537e+26
 1.9208  3.4598107e+25 1.9824393e+26 4.6678178e+26
 1.9306  3.3444781e+25 1.9427944e+26 4.6054253e+26
 1.9404  3.2330764e+25 1.9040125e+26 4.5440395e+26
 1.9502  3.1254561e+25 1.8660232e+26 4.4835910e+26
 1.9600  3.0214706e+25 1.8288557e+26 4.4240390e+26
 1.9698  2.9210924e+25 1.7925236e+26 4.3655153e+26
 1.9796  2.8241149e+25 1.7569314e+26 4.3078820e+26
 1.9894  2.7303637e+25 1.7220804e+26 4.2510348e+26
 1.9992  2.7602655e+25 3.2013910e+26 6.6615715e+26
 2.0090  2.8408596e+25 1.5919835e+27 8.0280934e+27
 2.0188  2.4678740e+25 1.6219475e+26 4.0858713e+26
 2.0286  2.3862547e+25 1.5902345e+26 4.5112032e+26
 2.0384  2.7687088e+25 1.7790305e+26 4.4210406e+26
 2.0482  2.6895585e+25 2.0009362e+26 4.9299280e+26
 2.0580  2.5891665e+25 1.7101405e+26 4.3078423e+26
 2.0678  2.5039078e+25 1.6767856e+26 4.2525708e+26
 2.0776  2.4215322e+25 1.6441111e+26 4.1980891e+26
 2.0874  2.3419092e+25 1.6121304e+26 4.1444254e+26
 2.0972  2.2649880e+25 1.5808334e+26 4.0916436e+26
 2.1070  2.1906203e+25 1.5501424e+26 4.0395337e+26
 2.1168  2.1187102e+25 1.5200847e+26 3.9881920e+26
 2.1266  2.0492323e+25 1.4906648e+26 3.9376219e+26
 2.1364  1.9820865e+25 1.4618345e+26 3.8877809e+26
 2.1462  1.9172022e+25 1.4336324e+26 3.8387643e+26
 2.1560  1.8544841e+25 1.4059983e+26 3.7904051e+26
 2.1658  1.7938010e+25 1.3788862e+26 3.7426601e+26
 2.1756  1.7351676e+25 1.3523599e+26 3.6956926e+26
 2.1854  1.1466314e+26 9.5561627e+26 8.7709242e+26
 2.1952  1.6237195e+25 1.3009313e+26 3.6037588e+26
 2.2050  1.5707676e+25 1.2760010e+26 3.5588418e+26
 2.2148  1.5195658e+25 1.2515699e+26 3.5144951e+26
 2.2246  1.4700352e+25 1.2276199e+26 3.4707419e+26
 2.2344  1.4222011e+25 1.2041815e+26 3.4277416e+26
 2.2442  1.3759174e+25 1.1812054e+26 3.3852684e+26
 2.2540  1.3311727e+25 1.1586982e+26 3.3434125e+26
 2.2638  1.2879272e+25 1.1366434e+26 3.3021967e+26
 2.2736  1.2460747e+25 1.1150166e+26 3.2614669e+26
 2.2834  1.2056273e+25 1.0938358e+26 3.2213442e+26
 2.2932  3.9379730e+25 3.7499216e+26 4.9626704e+26
 2.3030  1.1286990e+25 1.0527522e+26 3.1428657e+26
 2.3128  1.0921388e+25 1.0328324e+26 3.1044467e+26
 2.3226  1.0567612e+25 1.0132970e+26 3.0665466e+26
 2.3324  1.0225478e+25 9.9414303e+25 3.0291482e+26
 2.3422  2.1277386e+25 2.1459615e+26 3.7886253e+26
 2.3520  9.5748388e+24 9.5700190e+25 2.9559710e+26
 2.3618  9.3228722e+24 9.3897658e+25 2.9201304e+26
 2.3716  9.1239133e+24 2.1039785e+26 1.0927929e+27
 2.3814  9.2029438e+24 9.0539082e+25 2.8499753e+26
 2.3912  8.3969980e+24 8.8703154e+25 2.8155693e+26
 2.4010  8.1261736e+24 8.7039131e+25 2.7816563e+26
 2.4108  1.4222101e+25 9.2989619e+25 2.7715158e+26
 2.4206  7.6112269e+24 8.3811810e+25 2.7152872e+26
 2.4304  1.5918241e+25 3.3705422e+26 9.3626312e+26
 2.4402  5.5782750e+25 3.1497843e+26 4.2866532e+26
 2.4500  1.2008428e+25 2.1476741e+26 5.8625457e+26
 2.4598  4.6000527e+25 7.9002920e+26 1.8592010e+27
 2.4696  6.4635348e+24 7.6277063e+25 2.5569192e+26
 2.4794  6.2561713e+24 7.4860212e+25 2.5265954e+26
 2.4892  6.0553605e+24 7.3468008e+25 2.4966154e+26
 2.4990  5.8610899e+24 7.2102956e+25 2.4669989e+26
 2.5088  5.7024192e+24 9.7100914e+25 4.4390369e+26
 2.5186  5.4913757e+24 6.9452933e+25 2.4090130e+26
 2.5284  5.3156000e+24 6.8168431e+25 2.3806494e+26
 2.5382  5.1453939e+24 6.6907043e+25 2.3525991e+26
 2.5480  4.9806855e+24 6.5668704e+25 2.3249068e+26
 2.5578  4.8214755e+24 6.4457384e+25 2.2976532e+26
 2.5676  4.6775931e+24 7.3612745e+25 3.1005638e+26
 2.5774  4.5182067e+24 6.2101760e+25 2.2441383e+26
 2.5872  4.3739712e+24 6.0958681e+25 2.2179428e+26
 2.5970  4.2389247e+24 6.4728452e+25 2.5930619e+26
 2.6068  4.1038224e+24 6.4450856e+25 2.8435135e+26
 2.6166  3.9684450e+24 5.7656999e+25 2.1412779e+26
 2.6264  3.8462110e+24 7.7930762e+25 1.0604210e+27
 2.6362  3.7196357e+24 5.5562787e+25 2.0919105e+26
 2.6460  3.6011290e+24 5.4544051e+25 2.0676535e+26
 2.6558  3.4864265e+24 5.3544507e+25 2.0436833e+26
 2.6656  3.3754986e+24 5.2565627e+25 2.0200980e+26
 2.6754  3.2681809e+24 5.1605205e+25 1.9968082e+26
 2.6852  3.1642641e+24 5.0662981e+25 1.9738137e+26
 2.6950  3.0637774e+24 4.9739687e+25 1.9511388e+26
 2.7048  3.1829522e+24 5.4705168e+25 1.9287124e+26
 2.7146  3.0818901e+24 5.3711438e+25 1.9065752e+26
 2.7244  2.9841698e+24 5.2737755e+25 1.8847510e+26
 2.7342  2.8895101e+24 5.1781099e+25 1.8631701e+26
 2.7440  2.7979213e+24 5.0843488e+25 1.8418989e+26
 2.7538  2.7093267e+24 4.9924191e+25 1.8209077e+26
 2.7636  2.6235097e+24 4.9021427e+25 1.8001540e+26
 2.7734  2.5404050e+24 4.8134559e+25 1.7796495e+26
 2.7832  2.4600223e+24 4.7265499e+25 1.7594192e+26
 2.7930  2.3822366e+24 4.6413581e+25 1.7394749e+26
 2.8028  2.3069296e+24 4.5576739e+25 1.7197739e+26
 2.8126  2.2340235e+24 4.4756122e+25 1.7003149e+26
 2.8224  2.1634264e+24 4.3950420e+25 1.6810831e+26
 2.8322  2.0950821e+24 4.3159064e+25 1.6620892e+26
 2.8420  2.0289528e+24 4.2383811e+25 1.6433582e+26
 2.8518  1.9649354e+24 4.1622725e+25 1.6248494e+26
 2.8616  1.9029641e+24 4.0876222e+25 1.6065986e+26
 2.8714  1.8429596e+24 4.0143107e+25 1.5885542e+26
 2.8812  5.6544920e+24 1.1679906e+26 3.4631951e+26
 2.8910  1.7286186e+24 3.8717643e+25 1.5531259e+26
 2.9008  1.6741515e+24 3.8024257e+25 1.5357270e+26
 2.9106  1.6214821e+24 3.7345201e+25 1.5185905e+26
 2.9204  1.5704490e+24 3.6678102e+25 1.5016511e+26
 2.9302  1.5210249e+24 3.6022470e+25 1.4848830e+26
 2.9400  1.4731878e+24 3.5379884e+25 1.4683477e+26
 2.9498  1.4268494e+24 3.4748651e+25 1.4520040e+26
 2.9596  1.3820454e+24 3.4130090e+25 1.4359028e+26
 2.9694  1.3386350e+24 3.3522750e+25 1.4199902e+26
 2.9792  1.2965956e+24 3.2926187e+25 1.4042431e+26
 2.9890  1.2558652e+24 3.2339973e+25 1.3886709e+26
 2.9988  1.2164562e+24 3.1765565e+25 1.3733316e+26
 3.0086  1.1950117e+24 3.1201950e+25 1.3581781e+26
 3.0184  1.1413602e+24 3.0648153e+25 1.3431953e+26
 3.0282  2.2510251e+24 5.4489937e+25 1.9710173e+26
 3.0380  1.0709263e+24 2.9571096e+25 1.3137712e+26
 3.0478  1.0373850e+24 2.9047792e+25 1.2993406e+26
 3.0576  1.3285499e+24 2.8650334e+25 1.2850615e+26
 3.0674  9.7342175e+23 2.8028468e+25 1.2709604e+26
 3.0772  2.0487790e+24 3.0575257e+25 1.2750621e+26
 3.0870  9.1347117e+23 2.7047039e+25 1.2433018e+26
 3.0968  1.2822868e+24 3.6866571e+25 1.5168918e+26
 3.1066  9.5460363e+23 4.3204999e+25 3.1286769e+26
 3.1164  3.1412720e+24 6.6526404e+25 1.8729766e+26
 3.1262  8.8671170e+23 3.6657796e+25 1.9162949e+26
 3.1360  1.5671014e+24 8.3444472e+25 4.2325287e+26
 3.1458  7.5503138e+23 2.4310177e+25 1.1641671e+26
 3.1556  7.3146067e+23 2.3882512e+25 1.1515206e+26
 3.1654  7.0863208e+23 2.3462596e+25 1.1390147e+26
 3.1752  6.8653213e+23 2.3050805e+25 1.1266902e+26
 3.1850  6.6512978e+23 2.2646368e+25 1.1145061e+26
 3.1948  6.4439509e+23 2.2249061e+25 1.1024478e+26
 3.2046  6.2430427e+23 2.1858817e+25 1.0905339e+26
 3.2144  6.0485909e+23 2.1475794e+25 1.0787680e+26
 3.2242  5.8601797e+23 2.1099761e+25 1.0671443e+26
 3.2340  5.6776675e+23 2.0730436e+25 1.0556448e+26
 3.2438  5.5010841e+23 2.0368189e+25 1.0443092e+26
 3.2536  5.3298778e+23 2.0012161e+25 1.0330904e+26
 3.2634  5.1640218e+23 1.9662302e+25 1.0219820e+26
 3.2732  5.0034315e+23 1.9318978e+25 1.0110237e+26
 3.2830  4.8481573e+23 1.9303960e+25 1.1976191e+26
 3.2928  4.6972838e+23 1.8651210e+25 9.8950569e+25
 3.3026  4.5512815e+23 1.8457542e+25 1.0574756e+26
 3.3124  4.4098608e+23 1.8006545e+25 9.6845683e+25
 3.3222  4.2729582e+23 1.7920719e+25 1.4252834e+26
 3.3320  4.1402756e+23 1.7385267e+25 9.4790403e+25
 3.3418  4.0118345e+23 1.7082989e+25 9.3782222e+25
 3.3516  3.8873971e+23 1.6909929e+25 1.0096700e+26
 3.3614  3.7667847e+23 1.6494661e+25 9.1798354e+25
 3.3712  3.6499508e+23 1.6207994e+25 9.0822877e+25
 3.3810  3.5368023e+23 1.5926841e+25 8.9859452e+25
 3.3908  3.4272378e+23 1.5650806e+25 8.8907681e+25
 3.4006  3.3210554e+23 1.5436116e+25 9.1822282e+25
 3.4104  3.2181769e+23 1.5113107e+25 8.7036346e+25
 3.4202  3.1185239e+23 1.4851401e+25 8.6115952e+25
 3.4300  3.0219847e+23 1.4594482e+25 8.5207483e+25
 3.4398  2.9284515e+23 1.4341992e+25 8.4308563e+25
 3.4496  2.8378194e+23 1.4093914e+25 8.3418789e+25
 3.4594  2.7500868e+23 1.3850712e+25 8.2542594e+25
 3.4692  2.6650551e+23 1.3611560e+25 8.1674748e+25
 3.4790  2.5826314e+23 1.3376433e+25 8.0814848e+25
 3.4888  2.5027879e+23 1.3145640e+25 7.9966314e+25
 3.4986  2.4254814e+23 1.2919005e+25 7.9127824e+25
 3.5084  2.3505957e+23 1.2696658e+25 7.8300506e+25
 3.5182  2.2779617e+23 1.2477815e+25 7.7479301e+25
 3.5280  2.2076111e+23 1.2262782e+25 7.6667563e+25
 3.5378  2.1394922e+23 1.2051976e+25 7.5867687e+25
 3.5476  2.0734635e+23 1.1844648e+25 7.5074667e+25
 3.5574  2.0094806e+23 1.1640937e+25 7.4290896e+25
 3.5672  1.9475443e+23 1.1441251e+25 7.3518694e+25
 3.5770  1.8874851e+23 1.1244719e+25 7.2752253e+25
 3.5868  1.8292646e+23 1.1051492e+25 7.1993911e+25
 3.5966  1.7728865e+23 1.0861957e+25 7.1245983e+25
 3.6064  1.7182835e+23 1.0675831e+25 7.0506361e+25
 3.6162  1.6653526e+23 1.0492922e+25 6.9774644e+25
 3.6260  1.6140682e+23 1.0313096e+25 6.9051269e+25
 3.6358  1.5643752e+23 1.0136592e+25 6.8336017e+25
 3.6456  1.5161974e+23 9.9630165e+24 6.7627583e+25
 3.6554  1.4695383e+23 9.7925049e+24 6.6928168e+25
 3.6652  1.4243285e+23 9.6251532e+24 6.6236693e+25
 3.6750  1.3805259e+23 9.4607074e+24 6.5552714e+25
 3.6848  1.3380664e+23 9.2990502e+24 6.4876676e+25
 3.6946  1.2969195e+23 9.1402743e+24 6.4207500e+25
 3.7044  2.1193263e+23 1.5502192e+25 9.8826611e+25
 3.7142  1.2266946e+23 8.8310936e+24 6.2892392e+25
 3.7240  1.1809807e+23 8.6804079e+24 6.2244980e+25
 3.7338  1.1621991e+23 8.5326517e+24 6.1606395e+25
 3.7436  1.1095795e+23 8.3873622e+24 6.0974487e+25
 3.7534  1.5502713e+23 8.2444357e+24 6.0348296e+25
 3.7632  1.0424832e+23 8.1040732e+24 5.9729054e+25
 3.7730  1.0104803e+23 7.9661699e+24 5.9117160e+25
 3.7828  2.1048756e+23 7.8898909e+24 5.8513295e+25
 3.7926  9.4945063e+22 7.6977331e+24 5.7915007e+25
 3.8024  9.2031547e+22 7.5668515e+24 5.7322174e+25
 3.8122  1.9098527e+23 8.0215371e+24 5.6847137e+25
 3.8220  8.6475660e+22 7.3121088e+24 5.6158518e+25
 3.8318  8.3826417e+22 7.1881162e+24 5.5586326e+25
 3.8416  1.8450201e+23 1.2833962e+25 6.0088261e+25
 3.8514  7.8768084e+22 6.9463939e+24 5.4460200e+25
 3.8612  7.6921286e+22 1.0952785e+25 1.1786713e+26
 3.8710  1.3301834e+23 3.7248911e+25 1.4916092e+26
 3.8808  7.2380429e+22 1.0692084e+25 1.0938462e+26
 3.8906  6.9556679e+22 6.4877977e+24 5.2281391e+25
 3.9004  7.5691850e+22 2.8234312e+25 2.7934382e+26
 3.9102  6.5363892e+22 6.2700464e+24 5.1225967e+25
 3.9200  6.3365274e+22 6.1641746e+24 5.0707967e+25
 3.9298  6.1426799e+22 6.0599991e+24 5.0194474e+25
 3.9396  5.9548949e+22 5.9735933e+24 5.3847301e+25
 3.9494  5.7729831e+22 5.8572141e+24 4.9186492e+25
 3.9592  5.5965011e+22 5.7583207e+24 4.8689267e+25
 3.9690  5.4254588e+22 5.6611454e+24 4.8198248e+25
 3.9788  5.2596475e+22 5.5656591e+24 4.7711899e+25
 3.9886  5.0990268e+22 5.4718771e+24 4.7231285e+25
 3.9984  4.9434359e+22 5.3798548e+24 4.6757453e+25
 4.0082  4.7924510e+22 5.2891856e+24 4.6286694e+25
 4.0180  4.6461216e+22 5.2000965e+24 4.5820805e+25
 4.0278  4.5043068e+22 5.1126022e+24 4.5360815e+25
 4.0376  4.3668321e+22 5.0265577e+24 4.4905257e+25
 4.0474  4.2336654e+22 4.9420940e+24 4.4455155e+25
 4.0572  4.1045417e+22 4.8590686e+24 4.4010091e+25
 4.0670  3.9794005e+22 4.7774201e+24 4.3569341e+25
 4.0768  3.8580599e+22 4.7087016e+24 4.6175971e+25
 4.0866  3.7405242e+22 4.6184227e+24 4.2702685e+25
 4.0964  3.6265584e+22 4.5409555e+24 4.2276367e+25
 4.1062  3.5159648e+22 4.4749024e+24 5.1407307e+25
 4.1160  3.4088423e+22 4.3898144e+24 4.1435420e+25
 4.1258  3.3049757e+22 4.3161795e+24 4.1021786e+25
 4.1356  3.2043450e+22 4.2439082e+24 4.0613536e+25
 4.1454  3.1068207e+22 4.1728740e+24 4.0209319e+25
 4.1552  3.0122089e+22 4.1029861e+24 3.9808728e+25
 4.1650  2.9204968e+22 4.0342657e+24 3.9412718e+25
 4.1748  2.8316658e+22 3.9668224e+24 3.9021307e+25
 4.1846  2.7455354e+22 3.9005357e+24 3.8634097e+25
 4.1944  2.6620646e+22 3.8353575e+24 3.8251333e+25
 4.2042  2.5810874e+22 3.7712633e+24 3.7871748e+25
 4.2140  2.5025488e+22 3.7082055e+24 3.7495595e+25
 4.2238  2.4264806e+22 3.6462684e+24 3.7124442e+25
 4.2336  2.3526850e+22 3.5853625e+24 3.6756379e+25
 4.2434  2.2812111e+22 3.5255678e+24 3.6392951e+25
 4.2532  2.2119117e+22 3.4667774e+24 3.6033751e+25
 4.2630  2.1446995e+22 3.4089654e+24 3.5677553e+25
 4.2728  2.0795652e+22 3.3521511e+24 3.5325245e+25
 4.2826  2.0163773e+22 3.2962584e+24 3.4976428e+25
 4.2924  1.9551642e+22 3.2413651e+24 3.4631796e+25
 4.3022  1.8958784e+22 3.1875037e+24 3.4291568e+25
 4.3120  1.8382960e+22 3.1344014e+24 3.3953495e+25
 4.3218  1.7824816e+22 3.0821947e+24 3.3618882e+25
 4.3316  1.7284263e+22 3.0309717e+24 3.3288582e+25
 4.3414  1.6759551e+22 2.9805260e+24 3.2960975e+25
 4.3512  1.6251080e+22 2.9309324e+24 3.2636745e+25
 4.3610  1.5758399e+22 2.8822760e+24 3.2316974e+25
 4.3708  1.5280677e+22 2.8344107e+24 3.1999920e+25
 4.3806  1.4817512e+22 2.7873558e+24 3.1686406e+25
 4.3904  1.4368302e+22 2.7410880e+24 3.1376042e+25
 4.4002  1.3932737e+22 2.6955740e+24 3.1068328e+25
 4.4100  1.3510968e+22 2.6509330e+24 3.0765243e+25
 4.4198  1.3101652e+22 2.6069892e+24 3.0464638e+25
 4.4296  1.2704521e+22 2.5637124e+24 3.0166026e+25
 4.4394  1.2319507e+22 2.5211714e+24 2.9870787e+25
 4.4492  1.1946567e+22 2.4794401e+24 2.9579689e+25
 4.4590  1.1584955e+22 2.4383897e+24 2.9291099e+25
 4.4688  1.1234151e+22 2.3980095e+24 2.9005217e+25
 4.4786  1.0894436e+22 2.3583636e+24 2.8723377e+25
 4.4884  1.0564665e+22 2.3193371e+24 2.8443412e+25
 4.4982  1.0244836e+22 2.2809485e+24 2.8166088e+25
 4.5080  9.9349249e+21 2.2432152e+24 2.7892150e+25
 4.5178  9.6346682e+21 2.2062045e+24 2.7621701e+25
 4.5276  9.3433420e+21 2.1697556e+24 2.7353265e+25
 4.5374  9.0607269e+21 2.1338863e+24 2.7087579e+25
 4.5472  8.7868132e+21 2.0986635e+24 2.6824754e+25
 4.5570  8.5210488e+21 2.0639751e+24 2.6563891e+25
 4.5668  8.2635744e+21 2.0299383e+24 2.6306787e+25
 4.5766  8.0138630e+21 1.9964442e+24 2.6051936e+25
 4.5864  7.7717395e+21 1.9635140e+24 2.5799519e+25
 4.5962  8.7694661e+21 4.8717731e+24 5.3161485e+25
 4.6060  7.3092724e+21 1.8992908e+24 2.5302630e+25
 4.6158  7.0886400e+21 1.8680329e+24 2.5058628e+25
 4.6256  6.8746593e+21 1.8372884e+24 2.4816781e+25
 4.6354  6.6671818e+21 1.8070344e+24 2.4577257e+25
 4.6452  6.4659102e+21 1.7772913e+24 2.4340228e+25
 4.6550  6.2705761e+21 1.7479996e+24 2.4104783e+25
 4.6648  6.0814430e+21 1.7192500e+24 2.3872631e+25
 4.6746  5.8979673e+21 1.6909861e+24 2.3642904e+25
 4.6844  5.7200701e+21 1.6631871e+24 2.3415220e+25
 4.6942  5.5474951e+21 1.6358330e+24 2.3189745e+25
 4.7040  5.3801266e+21 1.6089417e+24 2.2966631e+25
 4.7138  5.2179623e+21 1.5825277e+24 2.2746006e+25
 4.7236  5.0606497e+21 1.5565487e+24 2.2527528e+25
 4.7334  4.9080832e+21 1.5309861e+24 2.2311351e+25
 4.7432  4.7602614e+21 1.5058897e+24 2.2097598e+25
 4.7530  4.6167591e+21 1.4811741e+24 2.1885450e+25
 4.7628  4.4776219e+21 1.4568551e+24 2.1675541e+25
 4.7726  4.6563901e+21 2.3431379e+24 3.0903670e+25
 4.7824  4.2118473e+21 1.4094684e+24 2.1262025e+25
 4.7922  4.0850223e+21 1.3863651e+24 2.1058703e+25
 4.8020  3.9619937e+21 1.3636542e+24 2.0857222e+25
 4.8118  3.8427071e+21 1.3413183e+24 2.0657724e+25
 4.8216  3.7270771e+21 1.3193818e+24 2.0460817e+25
 4.8314  3.6148529e+21 1.2977683e+24 2.0265233e+25
 4.8412  3.5060430e+21 1.2765220e+24 2.0071581e+25
 4.8510  3.4006489e+21 1.2556855e+24 1.9880917e+25
 4.8608  3.2982807e+21 1.2351268e+24 1.9691080e+25
 4.8706  3.1990278e+21 1.2149179e+24 1.9503126e+25
 4.8804  3.1028206e+21 1.1958083e+24 2.0136450e+25
 4.8902  3.0093760e+21 1.1754904e+24 1.9132953e+25
 4.9000  2.9189147e+21 1.1562971e+24 1.8950999e+25
 4.9098  2.8312292e+21 1.1374490e+24 1.8771448e+25
 4.9196  2.7460802e+21 1.1188516e+24 1.8592665e+25
 4.9294  2.6634817e+21 1.1005713e+24 1.8415811e+25
 4.9392  2.5835223e+21 1.0826464e+24 1.8241460e+25
 4.9490  2.5058357e+21 1.0649597e+24 1.8067992e+25
 4.9588  2.5239371e+21 1.3770298e+24 2.1723284e+25
 4.9686  2.3576219e+21 1.0305540e+24 1.7727688e+25
 4.9784  2.2867054e+21 1.0137091e+24 1.7558963e+25
 4.9882  2.2179869e+21 9.9717659e+23 1.7392497e+25
 4.9980  2.1514140e+21 9.8094335e+23 1.7228004e+25
 5.0078  2.0868351e+21 9.6497997e+23 1.7065171e+25
 5.0176  2.0241564e+21 9.4925162e+23 1.6903699e+25
 5.0274  1.9633864e+21 9.3379236e+23 1.6743735e+25
 5.0372  1.9044379e+21 9.1859061e+23 1.6585391e+25
 5.0470  1.8472846e+21 9.0363534e+23 1.6428785e+25
 5.0568  1.7918892e+21 8.8895858e+23 1.6274054e+25
 5.0666  1.7381801e+21 8.7452633e+23 1.6120900e+25
 5.0764  1.6859945e+21 8.6028463e+23 1.5968623e+25
 5.0862  1.6353449e+21 8.4626569e+23 1.5817375e+25
 5.0960  1.5863204e+21 8.3252346e+23 1.5668474e+25
 5.1058  1.5387651e+21 8.1901059e+23 1.5521215e+25
 5.1156  1.4926467e+21 8.0571719e+23 1.5375350e+25
 5.1254  1.4478954e+21 7.9263158e+23 1.5230589e+25
 5.1352  1.4044495e+21 7.7974449e+23 1.5087041e+25
 5.1450  1.3623530e+21 7.6708713e+23 1.4945245e+25
 5.1548  1.3215392e+21 7.5464731e+23 1.4805021e+25
 5.1646  1.2819488e+21 7.4254892e+23 1.4843727e+25
 5.1744  1.2435646e+21 7.3038301e+23 1.4528678e+25
 5.1842  1.2062992e+21 7.1853843e+23 1.4392268e+25
 5.1940  1.1701607e+21 7.0689234e+23 1.4257378e+25
 5.2038  1.1350934e+21 6.9541759e+23 1.4123405e+25
 5.2136  1.1010784e+21 6.8414051e+23 1.3990929e+25
 5.2234  1.0681291e+21 6.7307068e+23 1.3860096e+25
 5.2332  1.0361399e+21 6.6216362e+23 1.3730256e+25
 5.2430  1.0051184e+21 6.5144473e+23 1.3601873e+25
 5.2528  9.7504254e+20 6.4090575e+23 1.3474727e+25
 5.2626  9.4586890e+20 6.3054370e+23 1.3348911e+25
 5.2724  9.1755246e+20 6.2033402e+23 1.3224151e+25
 5.2822  8.9012380e+20 6.1031737e+23 1.3100956e+25
 5.2920  8.6349409e+20 6.0044806e+23 1.2978701e+25
 5.3018  8.3762361e+20 5.9071652e+23 1.2857116e+25
 5.3116  8.1256533e+20 5.8116501e+23 1.2737065e+25
 5.3214  7.8825923e+20 5.7177430e+23 1.2618279e+25
 5.3312  7.6471579e+20 5.6255315e+23 1.2501189e+25
 5.3410  7.4183687e+20 5.5346046e+23 1.2384550e+25
 5.3508  7.1965604e+20 5.4452092e+23 1.2269142e+25
 5.3606  6.9814116e+20 5.3572808e+23 1.2155050e+25
 5.3704  6.7725819e+20 5.2707265e+23 1.2041733e+25
 5.3802  6.5703129e+20 5.1857796e+23 1.1929959e+25
 5.3900  6.3741141e+20 5.1025682e+23 1.1883288e+25
 5.3998  6.1836741e+20 5.0199792e+23 1.1709718e+25
 5.4096  5.9988713e+20 4.9389773e+23 1.1600808e+25
 5.4194  5.8194521e+20 4.8592046e+23 1.1492819e+25
 5.4292  5.6456321e+20 4.7808825e+23 1.1386223e+25
 5.4390  5.4771169e+20 4.7039208e+23 1.1280769e+25
 5.4488  5.3135057e+20 4.6281249e+23 1.1176203e+25
 5.4586  5.1548890e+20 4.5535773e+23 1.1072674e+25
 5.4684  5.0008894e+20 4.4801941e+23 1.0969937e+25
 5.4782  4.8515553e+20 4.4080538e+23 1.0868385e+25
 5.4880  4.7067807e+20 4.3371016e+23 1.0767844e+25
 5.4978  4.5663548e+20 4.2673850e+23 1.0668469e+25
 5.5076  4.4302150e+20 4.1988495e+23 1.0570084e+25
 5.5174  4.2979064e+20 4.1311971e+23 1.0472139e+25
 5.5272  4.1694826e+20 4.0646015e+23 1.0375020e+25
 5.5370  4.0452280e+20 3.9993781e+23 1.0307732e+25
 5.5468  3.9245866e+20 3.9351123e+23 1.0184696e+25
 5.5566  3.8073688e+20 3.8717328e+23 1.0090394e+25
 5.5664  3.6938463e+20 3.8095464e+23 9.9973441e+24
 5.5762  3.5837360e+20 3.7484169e+23 9.9053082e+24
 5.5860  3.4768816e+20 3.6881850e+23 9.8140516e+24
 5.5958  3.3732397e+20 3.6290054e+23 9.7237140e+24
 5.6056  3.2726376e+20 3.5707225e+23 9.6340691e+24
 5.6154  3.1751099e+20 3.5134047e+23 9.5454767e+24
 5.6252  3.0805143e+20 3.4570892e+23 9.4577843e+24
 5.6350  2.9886923e+20 3.4016269e+23 9.3707621e+24
 5.6448  2.8995859e+20 3.3469790e+23 9.2844757e+24
 5.6546  2.8131603e+20 3.2932886e+23 9.1990684e+24
 5.6644  2.7293768e+20 3.2405140e+23 9.1146021e+24
 5.6742  2.6480291e+20 3.1885384e+23 9.0308515e+24
 5.6840  2.5691491e+20 3.1374262e+23 8.9479564e+24
 5.6938  2.4926803e+20 3.0872106e+23 8.8659790e+24
 5.7036  2.4183570e+20 3.0376581e+23 8.7844148e+24
 5.7134  2.3463824e+20 2.9890253e+23 8.7039666e+24
 5.7232  2.2766465e+20 2.9413412e+23 8.6247552e+24
 5.7330  2.2088092e+20 2.8941911e+23 8.5455317e+24
 5.7428  2.1429619e+20 2.8477336e+23 8.4669159e+24
 5.7526  2.0791977e+20 2.8021847e+23 8.3894486e+24
 5.7624  2.0172866e+20 2.7573253e+23 8.3126385e+24
 5.7722  1.9572695e+20 2.7132134e+23 8.2366227e+24
 5.7820  1.8990589e+20 2.6698782e+23 8.1615199e+24
 5.7918  1.8425675e+20 2.6271984e+23 8.0869293e+24
 5.8016  1.7877176e+20 2.5851453e+23 8.0129118e+24
 5.8114  1.7344756e+20 2.5437488e+23 7.9395227e+24
 5.8212  1.6829199e+20 2.5031460e+23 7.8671590e+24
 5.8310  1.6329705e+20 2.4633226e+23 7.7958710e+24
 5.8408  1.5843762e+20 2.4239195e+23 7.7246708e+24
 5.8506  1.5371663e+20 2.3850517e+23 7.6536997e+24
 5.8604  1.4914810e+20 2.3470111e+23 7.5840420e+24
 5.8702  1.4471825e+20 2.3096066e+23 7.5152298e+24
 5.8800  1.4041439e+20 2.2727079e+23 7.4466357e+24
 5.8898  1.3623556e+20 2.2363683e+23 7.3785679e+24
 5.8996  1.3218930e+20 2.2007130e+23 7.3115785e+24
 5.9094  1.2826050e+20 2.1656138e+23 7.2450477e+24
 5.9192  1.2444772e+20 2.1310457e+23 7.1790276e+24
 5.9290  1.2075403e+20 2.0971458e+23 7.1140595e+24
 5.9388  1.1716843e+20 2.0637428e+23 7.0495365e+24
 5.9486  1.1368469e+20 2.0307898e+23 6.9852653e+24
 5.9584  1.1030602e+20 1.9984058e+23 6.9217821e+24
 5.9682  1.0703007e+20 1.9665658e+23 6.8589742e+24
 5.9780  1.0385081e+20 1.9352225e+23 6.7966483e+24
 5.9878  1.0076387e+20 1.9043538e+23 6.7348539e+24
 5.9976  9.7774266e+19 1.8740705e+23 6.6739526e+24
 6.0074  9.4872857e+19 1.8442593e+23 6.6135211e+24
 6.0172  9.2052371e+19 1.8148344e+23 6.5533710e+24
 6.0270  8.9321575e+19 1.7859688e+23 6.4940954e+24
 6.0368  8.6670003e+19 1.7575535e+23 6.4352760e+24
 6.0466  8.4099708e+19 1.7296301e+23 6.3771863e+24
 6.0564  8.1603970e+19 1.7021159e+23 6.3194947e+24
 6.0662  7.9178396e+19 1.6749703e+23 6.2620678e+24
 6.0760  7.6830056e+19 1.6483553e+23 6.2054850e+24
 6.0858  7.4552555e+19 1.6221895e+23 6.1495616e+24
 6.0956  7.2339012e+19 1.5963732e+23 6.0938917e+24
 6.1054  7.0193384e+19 1.5710051e+23 6.0388242e+24
 6.1152  6.8112505e+19 1.5460656e+23 5.9844007e+24
 6.1250  6.6090045e+19 1.5214587e+23 5.9302222e+24
 6.1348  6.4129667e+19 1.4972799e+23 5.8766337e+24
 6.1446  6.2228476e+19 1.4735212e+23 5.8236722e+24
 6.1544  6.0385602e+19 1.4501646e+23 5.7713779e+24
 6.1642  5.8593948e+19 1.4271187e+23 5.7192283e+24
 6.1740  5.6857287e+19 1.4044739e+23 5.6676917e+24
 6.1838  5.5170574e+19 1.3821612e+23 5.6165960e+24
 6.1936  5.3534035e+19 1.3601962e+23 5.5658495e+24
 6.2034  5.1949317e+19 1.3386650e+23 5.5159120e+24
 6.2132  5.0409555e+19 1.3174338e+23 5.4662961e+24
 6.2230  4.8914830e+19 1.2965138e+23 5.4170205e+24
 6.2328  4.7465102e+19 1.2759443e+23 5.3682267e+24
 6.2426  4.6059180e+19 1.2557341e+23 5.3200542e+24
 6.2524  4.4695220e+19 1.2358434e+23 5.2723114e+24
 6.2622  4.3372291e+19 1.2162861e+23 5.2250381e+24
 6.2720  4.2086881e+19 1.1970011e+23 5.1780677e+24
 6.2818  4.0839067e+19 1.1779987e+23 5.1314201e+24
 6.2916  3.9629603e+19 1.1593377e+23 5.0853688e+24
 6.3014  3.8456699e+19 1.1410034e+23 5.0398297e+24
 6.3112  3.7317343e+19 1.1229155e+23 4.9945435e+24
 6.3210  3.6212284e+19 1.1051311e+23 4.9497037e+24
 6.3308  3.5140916e+19 1.0876586e+23 4.9054403e+24
 6.3406  3.4099907e+19 1.0704205e+23 4.8613845e+24
 6.3504  3.3090650e+19 1.0534929e+23 4.8178961e+24
 6.3602  3.2111768e+19 1.0368416e+23 4.7748008e+24
 6.3700  3.1160624e+19 1.0204137e+23 4.7319432e+24
 6.3798  3.0239101e+19 1.0043021e+23 4.6897330e+24
 6.3896  2.9344720e+19 9.8843375e+22 4.6478132e+24
 6.3994  2.8475669e+19 9.7277808e+22 4.6061228e+24
 6.4092  2.7633145e+19 9.5740511e+22 4.5649733e+24
 6.4190  2.6815443e+19 9.4226437e+22 4.5241068e+24
 6.4288  9.6585257e+19 2.3363009e+23 4.4836461e+24
 6.4386  2.5252888e+19 9.1273330e+22 4.4437126e+24
 6.4484  2.4506082e+19 8.9832322e+22 4.4040532e+24
 6.4582  2.3780601e+19 8.8411262e+22 4.3646098e+24
 6.4680  2.3077452e+19 2.0046564e+23 4.3436889e+24
 6.4778  2.2395131e+19 8.5641453e+22 4.2871097e+24
 6.4876  2.1733799e+19 8.4292528e+22 4.2490105e+24
 6.4974  2.1091169e+19 9.3825554e+23 4.9927867e+24
 6.5072  2.0466880e+19 8.1649684e+22 4.1734623e+24
 6.5170  1.9861822e+19 8.0360965e+22 4.1362388e+24
 6.5268  1.9274691e+19 7.9093364e+22 4.0994194e+24
 6.5366  1.8705098e+19 7.7845938e+22 4.0629383e+24
 6.5464  1.8152273e+19 1.0524532e+24 9.9107151e+24
 6.5562  1.7615829e+19 7.5410076e+22 3.9909328e+24
 6.5660  1.7095113e+19 7.4219871e+22 3.9553732e+24
 6.5758  1.6590310e+19 7.9488242e+23 3.9159374e+25
 6.5856  1.6100175e+19 7.1900386e+22 3.8854368e+24
 6.5954  1.5624802e+19 7.0767793e+22 3.8509402e+24
 6.6052  1.5163186e+19 6.9652840e+22 3.8167101e+24
 6.6150  1.4714730e+19 4.0739697e+23 1.3393736e+26
 6.6248  1.4280409e+19 6.7474098e+22 3.7491493e+24
 6.6346  1.3858654e+19 6.7270963e+22 3.2838268e+25
 6.6444  1.3449260e+19 6.5365436e+22 3.6828687e+24
 6.6542  1.3052102e+19 1.8255451e+23 3.1827616e+26
 6.6640  1.2666762e+19 6.3323623e+22 3.6178440e+24
 6.6738  1.2292763e+19 6.3710344e+22 4.3478658e+25
 6.6836  1.1929848e+19 6.1346152e+22 3.5539485e+24
 6.6934  1.1577823e+19 6.7843323e+22 6.0092766e+25
 6.7032  1.1236066e+19 6.4698127e+22 1.1268841e+26
 6.7130  1.0904481e+19 5.8497170e+22 3.4603936e+24
 6.7228  1.0582612e+19 5.7576585e+22 3.4297577e+24
 6.7326  1.0270134e+19 5.6670325e+22 3.3993320e+24
 6.7424  9.9669597e+18 5.5778992e+22 3.3692165e+24
 6.7522  9.6729247e+18 5.4901917e+22 3.3394342e+24
 6.7620  9.3876051e+18 5.4039708e+22 3.3099307e+24
 6.7718  9.1106418e+18 5.3190490e+22 3.2806557e+24
 6.7816  8.8417576e+18 5.2354089e+22 3.2516312e+24
 6.7914  8.5811076e+18 5.1532244e+22 3.2229523e+24
 6.8012  8.3280569e+18 5.0723187e+22 3.1944953e+24
 6.8110  8.0823548e+18 4.9926323e+22 3.1662820e+24
 6.8208  7.8440296e+18 4.9142226e+22 3.1383343e+24
 6.8306  7.6126543e+18 4.8370318e+22 3.1106025e+24
 6.8404  7.3881687e+18 4.7611159e+22 3.0831799e+24
 6.8502  7.1702580e+18 4.6863086e+22 3.0559456e+24
 6.8600  6.9588636e+18 4.6127720e+22 3.0290150e+24
 6.8698  6.7537644e+18 4.5404492e+22 3.0023390e+24
 6.8796  6.5545420e+18 4.4690788e+22 2.9757999e+24
 6.8894  6.3613786e+18 4.3990239e+22 2.9496262e+24
 6.8992  6.1738703e+18 4.3300250e+22 2.9236329e+24
 6.9090  5.9918281e+18 4.2620333e+22 2.8978398e+24
 6.9188  5.8154832e+18 4.1953960e+22 2.8724708e+24
 6.9286  5.6441625e+18 4.1296639e+22 2.9696601e+24
 6.9384  5.4777052e+18 4.0647950e+22 2.8220756e+24
 6.9482  5.3162093e+18 4.0010310e+22 2.7972241e+24
 6.9580  5.1595849e+18 3.9383219e+22 2.7726098e+24
 6.9678  5.0076068e+18 3.8766209e+22 2.8237000e+24
 6.9776  4.8600760e+18 3.8158793e+22 2.7445292e+24
 6.9874  4.7168460e+18 3.7560528e+22 2.7001190e+24
 6.9972  4.5778840e+18 3.6972173e+22 2.6763855e+24
 7.0070  4.4432208e+18 3.6394165e+22 2.6529840e+24
 7.0168  4.3123409e+18 3.5824266e+22 2.6296794e+24
 7.0266  4.1853929e+18 3.5263805e+22 2.6066185e+24
 7.0364  4.0621278e+18 3.4711524e+22 2.5837552e+24
 7.0462  3.9423736e+18 3.4166994e+22 2.5609868e+24
 7.0560  3.8262992e+18 3.3632328e+22 2.5385191e+24
 7.0658  3.7136979e+18 3.3106527e+22 2.5163061e+24
 7.0756  3.6044512e+18 3.2589191e+22 2.4943067e+24
 7.0854  3.4983126e+18 3.2079104e+22 2.4724165e+24
 7.0952  3.3952667e+18 3.1576701e+22 2.4507148e+24
 7.1050  3.2953061e+18 3.1082405e+22 2.4292225e+24
 7.1148  3.1983376e+18 3.0596556e+22 2.4079563e+24
 7.1246  3.1042588e+18 3.0118770e+22 2.3869322e+24
 7.1344  3.0129424e+18 2.9647952e+22 2.3660529e+24
 7.1442  2.9243358e+18 2.9185179e+22 2.3454114e+24
 7.1540  2.8382378e+18 2.8728648e+22 2.3248534e+24
 7.1638  2.7546697e+18 2.8278777e+22 2.3044545e+24
 7.1736  2.6736513e+18 2.7837316e+22 2.2843292e+24
 7.1834  2.5950020e+18 2.7402496e+22 2.2643768e+24
 7.1932  2.5187068e+18 2.6974699e+22 2.2446186e+24
 7.2030  2.4445611e+18 2.6552876e+22 2.2249735e+24
 7.2128  2.3726546e+18 2.6138071e+22 2.2055198e+24
 7.2226  2.3029424e+18 2.5730637e+22 2.1863289e+24
 7.2324  2.2351521e+18 2.5328224e+22 2.1671914e+24
 7.2422  2.1694488e+18 2.4933157e+22 2.1482966e+24
 7.2520  2.1057043e+18 2.4544673e+22 2.1296027e+24
 7.2618  2.0437695e+18 2.4161217e+22 2.1110150e+24
 7.2716  1.9836898e+18 2.3784338e+22 2.0926094e+24
 7.2814  1.9253514e+18 2.3413133e+22 2.0743464e+24
 7.2912  1.8687193e+18 2.3047340e+22 2.0562404e+24
 7.3010  1.8137836e+18 2.2687825e+22 2.0383124e+24
 7.3108  1.7604933e+18 2.2334307e+22 2.0205763e+24
 7.3206  1.7087537e+18 2.1985938e+22 2.0029925e+24
 7.3304  1.6585136e+18 2.1642979e+22 1.9855297e+24
 7.3402  1.6097910e+18 2.1305745e+22 1.9682542e+24
 7.3500  1.5624743e+18 2.0973586e+22 1.9511273e+24
 7.3598  1.5165809e+18 2.0646816e+22 1.9341696e+24
 7.3696  1.4720619e+18 2.0325659e+22 1.9173943e+24
 7.3794  1.4287557e+18 2.0008263e+22 1.9006615e+24
 7.3892  1.3867906e+18 1.9696550e+22 1.8841451e+24
 7.3990  1.3460464e+18 1.9389676e+22 1.8677565e+24
 7.4088  1.3064828e+18 1.9087420e+22 1.8515090e+24
 7.4186  1.2681445e+18 1.8790585e+22 1.8354724e+24
 7.4284  1.2308873e+18 1.8497855e+22 1.8195245e+24
 7.4382  1.1947098e+18 1.8209526e+22 1.8036863e+24
 7.4480  1.1596258e+18 1.7925888e+22 1.7880196e+24
 7.4578  1.1255846e+18 1.7647138e+22 1.7725359e+24
 7.4676  1.0925716e+18 1.7373048e+22 1.7572066e+24
 7.4774  1.0604809e+18 1.7102480e+22 1.7419484e+24
 7.4872  1.0293240e+18 1.6836111e+22 1.7268211e+24
 7.4970  9.9910514e+17 1.6574208e+22 1.7118455e+24
 7.5068  9.6976525e+17 1.6316119e+22 1.6969857e+24
 7.5166  9.4130139e+17 2.1385427e+22 1.6861382e+24
 7.5264  9.1367237e+17 1.5812656e+22 1.6677165e+24
 7.5362  8.8684003e+17 1.5566468e+22 1.6532453e+24
 7.5460  8.6081579e+17 2.7186248e+22 2.3168038e+24
 7.5558  8.3554827e+17 1.5086231e+22 1.6247419e+24
 7.5656  8.1103830e+17 1.4851929e+22 1.6106947e+24
 7.5754  7.8726309e+17 1.4621449e+22 1.5968134e+24
 7.5852  7.6413257e+17 1.4393729e+22 1.5829379e+24
 7.5950  7.4169907e+17 1.5397190e+22 3.3998829e+24
 7.6048  7.1995910e+17 1.3949998e+22 1.5556974e+24
 7.6146  6.9882816e+17 1.3733175e+22 1.5422293e+24
 7.6244  6.7833368e+17 1.3519999e+22 1.5289092e+24
 7.6342  6.5843496e+17 1.3309923e+22 1.5157039e+24
 7.6440  6.3909393e+17 1.3397502e+22 6.4143531e+24
 7.6538  6.2035623e+17 1.2899398e+22 1.4895761e+24
 7.6636  6.0217576e+17 1.2699485e+22 1.4767604e+24
 7.6734  5.8452574e+17 1.2502478e+22 1.4640326e+24
 7.6832  5.6738848e+17 1.2351586e+22 8.0355679e+24
 7.6930  5.5073115e+17 1.2117133e+22 1.4388411e+24
 7.7028  5.3457604e+17 1.1928876e+22 1.4264068e+24
 7.7126  5.1890576e+17 1.1743883e+22 1.4141209e+24
 7.7224  5.0369082e+17 1.1561667e+22 1.4019194e+24
 7.7322  4.8893245e+17 1.1382438e+22 2.2401112e+24
 7.7420  4.7458702e+17 1.1205656e+22 1.8803869e+24
 7.7518  4.6067404e+17 1.1031857e+22 1.6805082e+24
 7.7616  4.4717867e+17 1.0860907e+22 1.3542230e+24
 7.7714  4.3406070e+17 1.0692288e+22 1.3425366e+24
 7.7812  4.2133987e+17 1.0526517e+22 1.3309701e+24
 7.7910  4.0900994e+17 1.0363854e+22 1.3195718e+24
 7.8008  3.9701408e+17 1.0202941e+22 2.5615217e+24
 7.8106  3.8536992e+17 1.0044525e+22 1.2968936e+24
 7.8204  3.7408390e+17 9.8890835e+21 1.2857583e+24
 7.8302  3.6311607e+17 9.7356079e+21 1.2746807e+24
 7.8400  3.5247766e+17 9.5848009e+21 1.2637174e+24
 7.8498  3.4215734e+17 9.4365446e+21 1.2528768e+24
 7.8596  3.3212912e+17 9.2901585e+21 1.2420921e+24
 7.8694  3.2238985e+17 9.1460433e+21 1.2313815e+24
 7.8792  3.1295396e+17 9.0046435e+21 1.2208284e+24
 7.8890  3.0379197e+17 8.8653642e+21 1.2103661e+24
 7.8988  2.9489484e+17 1.2957301e+22 3.3556389e+25
 7.9086  2.8625720e+17 8.5929761e+21 1.1896656e+24
 7.9184  2.7787043e+17 8.4598742e+21 1.1794445e+24
 7.9282  2.6972632e+17 8.3287084e+21 1.1692937e+24
 7.9380  2.6182893e+17 8.1998290e+21 1.1592574e+24
 7.9478  2.5416684e+17 8.0731335e+21 1.1493433e+24
 7.9576  2.4672039e+17 7.9480319e+21 1.1394618e+24
 7.9674  2.3949027e+17 7.8248687e+21 1.1296569e+24
 7.9772  2.3248477e+17 7.7040379e+21 1.1200065e+24
 7.9870  2.2568255e+17 7.5849599e+21 1.1104224e+24
 7.9968  2.1907689e+17 7.4677253e+21 1.1014343e+24
 8.0066  2.1266302e+17 7.3522495e+21 1.0914842e+24
 8.0164  2.0643044e+17 7.2382231e+21 1.0820867e+24
 8.0262  2.0039012e+17 7.1264152e+21 1.0728301e+24
 8.0360  1.9452590e+17 7.0162852e+21 1.0636533e+24
 8.0458  1.8883186e+17 6.9077535e+21 1.0545394e+24
 8.0556  1.8330246e+17 6.8009040e+21 1.0457185e+24
 8.0654  1.7794069e+17 6.6958721e+21 1.0366290e+24
 8.0752  1.7273870e+17 6.5925746e+21 1.0277261e+24
 8.0850  1.6767685e+17 6.4904595e+21 1.0188989e+24
 8.0948  1.6276857e+17 6.3900836e+21 1.0101649e+24
 8.1046  1.5801179e+17 6.2916204e+21 1.0015633e+24
 8.1144  1.5338916e+17 6.1943843e+21 9.9300366e+23
 8.1242  1.4889955e+17 6.0986540e+21 9.8450279e+23
 8.1340  1.4454553e+17 6.0045547e+21 9.7609949e+23
 8.1438  1.4031783e+17 5.9118215e+21 9.6776875e+23
 8.1536  1.3621229e+17 5.8205226e+21 9.5949501e+23
 8.1634  1.3222643e+17 5.7305938e+21 9.5128542e+23
 8.1732  1.2836468e+17 5.6423845e+21 9.4320864e+23
 8.1830  1.2461030e+17 5.5552704e+21 9.3515627e+23
 8.1928  1.2096133e+17 5.4693245e+21 9.2713581e+23
 8.2026  1.1742612e+17 5.3849838e+21 9.1924530e+23
 8.2124  1.1398922e+17 6.4754804e+21 1.1180288e+25
 8.2222  1.1065663e+17 5.2199825e+21 9.0360319e+23
 8.2320  1.0741990e+17 5.1394193e+21 8.9589469e+23
 8.2418  1.0428097e+17 5.0601941e+21 8.8826869e+23
 8.2516  1.0123307e+17 4.9821944e+21 8.8070177e+23
 8.2614  9.8269905e+16 4.9051990e+21 8.7317088e+23
 8.2712  9.5399926e+16 4.8296471e+21 8.6574989e+23
 8.2810  9.2612427e+16 4.7552637e+21 8.5839293e+23
 8.2908  8.9902724e+16 4.6818355e+21 8.5105758e+23
 8.3006  8.7275297e+16 4.6096296e+21 8.4380773e+23
 8.3104  8.4726298e+16 4.5386955e+21 8.3664873e+23
 8.3202  8.2248716e+16 4.4686716e+21 8.2951066e+23
 8.3300  7.9843024e+16 4.3996637e+21 8.2242790e+23
 8.3398  7.7509796e+16 4.3318729e+21 8.1543410e+23
 8.3496  7.5246806e+16 4.2652438e+21 8.0851605e+23
 8.3594  7.3049127e+16 4.1996117e+21 8.0165139e+23
 8.3692  7.0912992e+16 4.1347885e+21 7.9481867e+23
 8.3790  6.8841204e+16 4.0711099e+21 7.8805998e+23
 8.3888  6.6829250e+16 4.0083844e+21 7.8135370e+23
 8.3986  6.4880631e+16 3.9468420e+21 7.7475894e+23
 8.4084  6.2985775e+16 3.8861162e+21 7.6818261e+23
 8.4182  6.1141583e+16 3.8260325e+21 7.6160421e+23
 8.4280  5.9355339e+16 3.7670852e+21 7.5513535e+23
 8.4378  5.7622897e+16 3.7091791e+21 7.4873693e+23
 8.4476  5.5940446e+16 3.6521398e+21 7.4238810e+23
 8.4574  5.4305269e+16 3.5958011e+21 7.3606823e+23
 8.4672  5.2718977e+16 3.5404589e+21 7.2981743e+23
 8.4770  5.1178881e+16 3.4859457e+21 7.2361509e+23
 8.4868  4.9685196e+16 3.4323705e+21 7.1749161e+23
 8.4966  4.8234611e+16 3.7692502e+21 4.7284718e+24
 8.5064  4.6826421e+16 3.3275885e+21 7.0537570e+23
 8.5162  4.5458703e+16 3.2763838e+21 6.9939332e+23
 8.5260  4.4130808e+16 3.2259214e+21 6.9345195e+23
 8.5358  4.2842948e+16 3.1763536e+21 6.8758127e+23
 8.5456  4.1592245e+16 3.1275270e+21 6.8176124e+23
 8.5554  4.0378099e+16 3.0794083e+21 6.7598114e+23
 8.5652  3.9198842e+16 3.0320333e+21 6.7025081e+23
 8.5750  3.8053920e+16 2.9853679e+21 6.6455991e+23
 8.5848  3.6943533e+16 2.9394855e+21 6.5893685e+23
 8.5946  3.5866616e+16 2.8944174e+21 6.5338609e+23
 8.6044  3.4819608e+16 2.8499189e+21 6.4784974e+23
 8.6142  3.3804046e+16 2.8061673e+21 6.4237955e+23
 8.6240  3.2817902e+16 2.7630920e+21 6.3695669e+23
 8.6338  3.1858112e+16 2.7204615e+21 6.3152464e+23
 8.6436  3.0928452e+16 2.6786466e+21 6.2618073e+23
 8.6534  3.0026717e+16 2.6375753e+21 6.2090583e+23
 8.6632  2.9150241e+16 2.5970222e+21 6.1564431e+23
 8.6730  2.8299996e+16 2.5571710e+21 6.1250992e+23
 8.6828  2.7474483e+16 2.5178963e+21 6.0529267e+23
 8.6926  2.6671894e+16 2.4791365e+21 6.0015240e+23
 8.7024  2.5893443e+16 2.4410482e+21 5.9507406e+23
 8.7122  2.5138683e+16 2.4036016e+21 5.9006157e+23
 8.7220  2.4405585e+16 2.3667331e+21 5.8508341e+23
 8.7318  2.3693810e+16 2.3304158e+21 5.8014370e+23
 8.7416  2.3002651e+16 2.2946417e+21 5.7524667e+23
 8.7514  2.2331427e+16 2.2593857e+21 5.7038321e+23
 8.7612  2.1680635e+16 2.2247582e+21 5.6557873e+23
 8.7710  2.1048521e+16 2.1906488e+21 5.6081568e+23
 8.7808  2.0434016e+16 2.1569508e+21 5.5606421e+23
 8.7906  1.9838078e+16 2.1238549e+21 5.5137469e+23
 8.8004  1.9260058e+16 2.0913336e+21 5.4673809e+23
 8.8102  1.8698127e+16 2.0592038e+21 5.4211666e+23
 8.8200  1.8152479e+16 2.0275707e+21 5.3753114e+23
 8.8298  1.7624665e+16 1.9966402e+21 5.3304632e+23
 8.8396  1.7110725e+16 1.9660053e+21 5.2855158e+23
 8.8494  1.6611094e+16 1.9357688e+21 5.2407546e+23
 8.8592  1.6127130e+16 1.9061323e+21 5.6417570e+23
 8.8690  1.5656630e+16 1.8768518e+21 5.5865725e+23
 8.8788  1.5199762e+16 1.8480240e+21 5.5394388e+23
 8.8886  1.4756704e+16 1.8196983e+21 5.4929246e+23
 8.8984  1.4327033e+16 1.7918521e+21 5.4469393e+23
 8.9082  1.3909739e+16 1.7644354e+21 5.4013498e+23
 8.9180  1.3504043e+16 1.7373605e+21 5.3594321e+23
 8.9278  1.3110100e+16 1.7106775e+21 5.3107250e+23
 8.9376  1.2728568e+16 1.6845390e+21 5.2663907e+23
 8.9474  1.2357584e+16 1.6587256e+21 5.2221522e+23
 8.9572  1.1997295e+16 1.6332980e+21 5.1782560e+23
 8.9670  1.1647945e+16 1.6083019e+21 5.1349403e+23
 8.9768  1.1308254e+16 1.5836288e+21 5.0917176e+23
 8.9866  1.0978838e+16 1.5593866e+21 5.0490297e+23
 8.9964  1.0658956e+16 1.5354950e+21 5.0067097e+23
 9.0062  1.0348293e+16 1.5119721e+21 4.9646780e+23
 9.0160  1.0047064e+16 1.4888604e+21 4.9231672e+23
 9.0258  9.7541584e+15 1.4660351e+21 4.8818186e+23
 9.0356  9.4697354e+15 1.4435402e+21 4.8407528e+23
 9.0454  9.1946573e+15 1.4215641e+21 4.8005826e+23
 9.0552  8.9271299e+15 1.3998590e+21 1.0639049e+24
 9.0650  8.6662888e+15 1.3783004e+21 4.7202492e+23
 9.0748  8.4137600e+15 1.3571852e+21 4.6806241e+23
 9.0846  8.1691410e+15 1.3364943e+21 4.6417171e+23
 9.0944  7.9309473e+15 1.3159947e+21 4.6027002e+23
 9.1042  7.7000242e+15 1.2958646e+21 4.5641706e+23
 9.1140  7.4760306e+15 1.2760873e+21 4.5261572e+23
 9.1238  7.2579468e+15 1.2564927e+21 4.4880360e+23
 9.1336  7.0464714e+15 1.2372517e+21 4.4504253e+23
 9.1434  6.8416787e+15 1.2183984e+21 4.4134340e+23
 9.1532  6.6425290e+15 1.1997675e+21 4.3765472e+23
 9.1630  6.4488495e+15 1.1813753e+21 4.3397992e+23
 9.1728  6.2610869e+15 1.1633063e+21 4.3034801e+23
 9.1826  6.0789616e+15 1.1455547e+21 4.2676184e+23
 9.1924  5.9021012e+15 1.1280592e+21 4.2320653e+23
 9.2022  5.7301609e+15 1.1107873e+21 4.1965794e+23
 9.2120  5.5631547e+15 1.0937736e+21 4.1613675e+23
 9.2218  5.4012512e+15 1.0770510e+21 4.1266317e+23
 9.2316  5.2442097e+15 1.0606308e+21 4.0923041e+23
 9.2414  5.0917261e+15 1.0444553e+21 4.0582401e+23
 9.2512  4.9434415e+15 1.0284699e+21 4.0243009e+23
 9.2610  4.7994301e+15 1.0127314e+21 3.9905928e+23
 9.2708  4.6599981e+15 9.9731225e+20 3.9574794e+23
 9.2806  4.5243848e+15 9.8207372e+20 3.9244849e+23
 9.2904  4.3925245e+15 9.6702916e+20 3.8915500e+23
 9.3002  4.2646471e+15 9.5225020e+20 3.8590337e+23
 9.3100  4.1405013e+15 9.3768478e+20 3.8267976e+23
 9.3198  4.0200873e+15 9.2338338e+20 3.7949431e+23
 9.3296  3.9031845e+15 9.0929541e+20 3.7633348e+23
 9.3394  3.7896314e+15 8.9541757e+20 3.7319977e+23
 9.3492  3.6793619e+15 8.8174005e+20 3.7008746e+23
 9.3590  3.5723087e+15 8.6827347e+20 3.6699911e+23
 9.3688  3.4683250e+15 8.5500797e+20 3.6393741e+23
 9.3786  3.3675201e+15 8.4197039e+20 3.6091216e+23
 9.3884  3.2696033e+15 8.2913377e+20 3.5791020e+23
 9.3982  3.1743788e+15 8.1645313e+20 3.5491875e+23
 9.4080  3.0820681e+15 8.0399072e+20 3.5196298e+23
 9.4178  2.9924027e+15 7.9172053e+20 3.4903269e+23
 9.4276  2.9053413e+15 7.7963335e+20 3.4612233e+23
 9.4374  2.8209210e+15 7.6775442e+20 3.4324945e+23
 9.4472  2.7389289e+15 7.5605829e+20 3.4040128e+23
 9.4570  2.6591997e+15 7.4450391e+20 3.3755767e+23
 9.4668  2.5817769e+15 7.3311647e+20 3.3473605e+23
 9.4766  2.5068252e+15 7.2196853e+20 3.3196801e+23
 9.4864  2.4341258e+15 7.1101793e+20 3.2923328e+23
 9.4962  2.3632098e+15 7.0013174e+20 3.2647619e+23
 9.5060  2.2943467e+15 6.8941373e+20 3.2374292e+23
 9.5158  2.2276930e+15 6.7891643e+20 3.2105687e+23
 9.5256  2.1629479e+15 6.6857549e+20 3.1839153e+23
 9.5354  2.1000817e+15 6.5838374e+20 4.8701382e+23
 9.5452  2.0390321e+15 6.4834897e+20 3.1312471e+23
 9.5550  1.9797392e+15 6.3846385e+20 3.1052053e+23
 9.5648  1.9221752e+15 6.2872137e+20 3.0793880e+23
 9.5746  1.8662610e+15 6.1912916e+20 3.0537464e+23
 9.5844  1.8120521e+15 6.0970755e+20 3.0284393e+23
 9.5942  1.7594089e+15 6.0042634e+20 3.0033503e+23
 9.6040  1.7082025e+15 5.9125214e+20 2.9782966e+23
 9.6138  1.6585655e+15 5.8224594e+20 3.7303859e+23
 9.6236  1.6104233e+15 5.7339998e+20 2.9291911e+23
 9.6334  1.5636057e+15 5.6465573e+20 2.9048439e+23
 9.6432  1.5181413e+15 5.5604622e+20 2.8807069e+23
 9.6530  1.4740584e+15 5.4759023e+20 2.8568650e+23
 9.6628  1.4312485e+15 5.3925605e+20 2.8332068e+23
 9.6726  1.3896059e+15 5.3102577e+20 2.8096017e+23
 9.6824  1.3492349e+15 5.2294243e+20 2.7863285e+23
 9.6922  1.3100301e+15 5.1497568e+20 2.7632136e+23
 9.7020  1.2720120e+15 5.0715503e+20 2.7404243e+23
 9.7118  1.2350911e+15 4.9945079e+20 2.7177896e+23
 9.7216  1.1991340e+15 4.9181177e+20 2.6950790e+23
 9.7314  1.1642627e+15 4.8431328e+20 2.6726685e+23
 9.7412  1.1304608e+15 4.7694888e+20 2.6505749e+23
 9.7510  1.0976777e+15 4.6971255e+20 2.6287535e+23
 9.7608  1.0657406e+15 4.6254409e+20 2.6068765e+23
 9.7706  1.0347836e+15 4.5550402e+20 2.5852695e+23
 9.7804  1.0047604e+15 4.4858657e+20 2.5639497e+23
 9.7902  9.7551552e+14 4.4173389e+20 2.5425740e+23
 9.8000  9.4720606e+14 4.3502455e+20 2.5215817e+23
 9.8098  9.1971033e+14 4.2841518e+20 2.5007515e+23
 9.8196  8.9301505e+14 4.2190096e+20 2.4801006e+23
 9.8294  8.6708389e+14 4.1548700e+20 2.4595898e+23
 9.8392  8.4186478e+14 4.0914908e+20 2.4391209e+23
 9.8490  8.1741382e+14 4.0292189e+20 2.4189444e+23
 9.8588  7.9370698e+14 3.9680951e+20 2.3990192e+23
 9.8686  7.7064435e+14 3.9076942e+20 2.3791337e+23
 9.8784  7.4825087e+14 3.8481934e+20 2.3594193e+23
 9.8882  7.2657417e+14 3.7899149e+20 2.3400640e+23
 9.8980  7.0545452e+14 3.7321721e+20 2.3206340e+23
 9.9078  6.8494520e+14 3.6752906e+20 2.3013718e+23
 9.9176  6.6512517e+14 3.6197543e+20 2.2825711e+23
 9.9274  6.4581090e+14 3.5647247e+20 2.2636958e+23
 9.9372  6.2702403e+14 3.5103444e+20 2.2448742e+23
 9.9470  6.0884196e+14 3.4570860e+20 2.2263975e+23
 9.9568  5.9115571e+14 3.4044803e+20 2.2079552e+23
 9.9666  5.7397813e+14 3.3526587e+20 2.1896721e+23
 9.9764  5.5732846e+14 3.3017460e+20 2.1716194e+23
 9.9862  5.4115504e+14 3.2516162e+20 2.1537222e+23
 9.9960  5.2545051e+14 3.2022328e+20 2.1359468e+23
10.0058  5.1019928e+14 3.1535602e+20 2.1183080e+23
10.0156  4.9538649e+14 3.1056368e+20 2.1008211e+23
10.0254  4.8102885e+14 3.0585779e+20 2.0835560e+23
10.0352  4.6798139e+14 3.0179982e+20 2.0704042e+23
