0.4946900  4.4790142e+02 174.763 1.2070054e-01
0.5333900  7.6603188e+02 311.418 3.4828574e-01
0.5720900  3.3679878e+02 301.337 9.5084951e-01
0.6107900  6.4917428e+02 292.530 2.4560737e+00
0.6494900  2.0596827e+02 283.859 6.0024645e+00
0.6881900  4.7811926e+02 277.220 1.3879796e+01
0.7268900  1.1545360e+03 274.490 3.0367611e+01
0.7655900  9.5414149e+02 269.626 6.2867179e+01
0.8042900  4.0724396e+02 263.057 1.2315127e+02
0.8429900  6.3628073e+02 260.000 2.2828468e+02
0.8816900  7.9699691e+02 256.840 4.0046727e+02
0.9203900  9.9509143e+02 257.585 6.6489103e+02
0.9590900  1.2341401e+03 253.641 1.0449236e+03
0.9977900  2.0571501e+03 251.744 1.5547156e+03
1.0364900  2.3157412e+03 251.563 2.1906246e+03
1.0751900  3.0992337e+03 252.739 2.9242110e+03
1.1138900  3.8163777e+03 251.370 3.7002455e+03
1.1525900  4.6260814e+03 251.408 4.4424368e+03
1.1912900  4.8140894e+03 251.617 5.0672474e+03
1.2299900  5.5265274e+03 252.719 5.5029081e+03
1.2686900  5.5984699e+03 251.326 5.7079942e+03
1.3073900  5.9078359e+03 250.593 5.6831852e+03
1.3460900  5.0714146e+03 249.016 5.4717624e+03
1.3847900  4.8416969e+03 248.278 5.1483279e+03
1.4234900  4.8393950e+03 245.911 4.7994132e+03
1.4621900  4.0440652e+03 244.350 4.5022390e+03
1.5008900  4.7243343e+03 246.150 4.3078930e+03
1.5395900  4.6995674e+03 245.367 4.2329607e+03
1.5782900  4.7136251e+03 244.506 4.2604532e+03
1.6169900  4.0511964e+03 242.231 4.3481482e+03
1.6556900  4.5959612e+03 242.551 4.4410163e+03
1.6943900  4.2017161e+03 243.360 4.4842911e+03
1.7330900  4.4978020e+03 241.909 4.4344613e+03
1.7717900  4.1316182e+03 241.106 4.2664946e+03
1.8104900  4.5076408e+03 239.931 3.9765914e+03
1.8491900  3.3907103e+03 242.159 3.5806328e+03
1.8878899  2.8576622e+03 238.187 3.1092126e+03
1.9265899  2.6572762e+03 236.381 2.6006747e+03
1.9652899  2.0789793e+03 235.983 2.0938123e+03
2.0039899  1.3119771e+03 234.043 1.6217447e+03
2.0426899  1.2465915e+03 232.558 1.2079961e+03
2.0813899  5.6878763e+02 231.590 8.6512253e+02
2.1200899  6.5082021e+02 231.175 5.9558085e+02
2.1587899  4.2532598e+00 231.366 3.9409304e+02
2.1974899 -1.1799510e+02 229.680 2.5061748e+02
2.2361899 -8.6295634e+00 228.377 1.5316145e+02
2.2748899 -3.2452363e+02 228.416 8.9948159e+01
2.3135899 -1.8413893e+02 229.965 5.0760394e+01
2.3522899 -3.7514058e+02 227.974 2.7525618e+01
2.3909899 -5.6312516e+02 227.132 1.4342379e+01
2.4296899 -1.9605878e+02 228.254 7.1807892e+00
2.4683899 -3.0513797e+02 228.508 3.4545099e+00
2.5070899 -1.9836351e+02 227.961 1.5968405e+00
2.5457899  2.3968575e+01 227.372 7.0924423e-01
2.5844899  3.9408680e+01 228.707 3.0268305e-01
2.6231899 -5.1001923e+02 227.982 1.2411882e-01
2.6618899 -1.5507673e+02 227.062 4.8903950e-02
2.7005899 -2.9557102e+02 226.916 1.8514273e-02
2.7392899 -3.2908474e+02 228.191 6.7348133e-03
2.7779899 -1.9257947e+02 228.589 2.3539678e-03
2.8166899 -2.4798665e+02 227.956 7.9055378e-04
2.8553899 -2.7739644e+02 226.996 2.5510456e-04
2.8940899 -2.5536203e+02 181.843 7.9097158e-05
2.9327899 -2.2683699e+02 182.307 2.3564562e-05
2.9714899 -4.6232196e+02 180.205 6.7454927e-06
3.0101899 -4.0781050e+02 179.931 1.8553412e-06
                                              
                                              
                                              
0.5083000  1.7180960e+02 121.384 8.0366347e-02
0.5485000  2.2860641e+02 314.261 2.3647670e-01
0.5887000  4.5886794e+02 327.848 6.5544271e-01
0.6289000  8.7499000e+01 317.339 1.7112498e+00
0.6691000  8.3959938e+02 309.456 4.2084722e+00
0.7093000 -4.9366138e+02 298.978 9.7491766e+00
0.7495000  1.1670387e+02 294.746 2.1273745e+01
0.7897000 -1.1230840e+02 289.201 4.3727301e+01
0.8299000 -3.8590091e+02 282.701 8.4663130e+01
0.8701000  4.6145617e+02 278.666 1.5440780e+02
0.9103000  3.6987148e+02 275.115 2.6526376e+02
0.9505000  2.0694872e+02 273.007 4.2926072e+02
0.9907000  4.4282824e+01 268.596 6.5433500e+02
1.0309000  5.8981962e+02 265.430 9.3954339e+02
1.0711000  9.0745545e+02 264.038 1.2707915e+03
1.1113000  1.6741648e+03 264.363 1.6191150e+03
1.1515000  2.6799927e+03 262.280 1.9432806e+03
1.1917000  2.5760839e+03 260.273 2.1971635e+03
1.2319000  2.1690339e+03 258.159 2.3403649e+03
1.2721000  2.5797932e+03 258.054 2.3487878e+03
1.3123000  2.1968666e+03 256.029 2.2213814e+03
1.3525000  2.0529251e+03 252.877 1.9804676e+03
1.3927000  1.9426907e+03 252.048 1.6655126e+03
1.4329000  1.9635019e+03 251.092 1.3227254e+03
1.4731000  9.6466173e+02 247.269 9.9423311e+02
1.5133000  7.9686100e+02 245.516 7.1024511e+02
1.5535000  2.6414440e+02 244.924 4.8595475e+02
1.5937000  2.0026442e+02 243.452 3.2291725e+02
1.6339000  3.2079031e+02 242.512 2.1322557e+02
1.6741000  4.7923978e+02 240.633 1.4442375e+02
1.7143000  8.7258554e+01 240.790 1.0358065e+02
1.7545000  2.8553570e+02 241.381 7.9803969e+01
1.7947000  2.8512641e+02 239.794 6.5229847e+01
1.8349000 -4.2375836e+02 237.224 5.4937950e+01
1.8751000  2.3026178e+02 237.851 4.6320664e+01
1.9153000  1.8705683e+01 239.735 3.8314496e+01
1.9555000  4.0242571e+01 237.436 3.0726018e+01
1.9956999  2.0171224e+02 235.953 2.3741046e+01
2.0358999  3.5949469e+02 236.977 1.7619711e+01
2.0760999 -9.0490403e+01 236.540 1.2541706e+01
2.1162999  4.3575257e+02 236.125 8.5559672e+00
2.1564999 -5.4623399e+02 233.927 5.5923535e+00
2.1966999 -1.5360861e+02 235.070 3.5016070e+00
2.2368999 -2.0236124e+02 235.306 2.1001809e+00
2.2770999 -4.1202074e+02 234.021 1.2065568e+00
2.3172999  1.6002097e+02 233.154 6.6394686e-01
2.3574999 -2.5094535e+02 233.797 3.4995285e-01
2.3976999 -2.3362929e+02 234.258 1.7667468e-01
2.4378999  8.7846911e+00 233.724 8.5433146e-02
2.4780999  1.7683412e+02 232.955 3.9569910e-02
2.5182999 -6.8973265e+01 232.787 1.7554554e-02
2.5584999 -3.8954623e+02 233.122 7.4593390e-03
2.5986999 -3.4254912e+02 233.161 3.0359630e-03
2.6388999 -9.6321492e+01 232.607 1.1835267e-03
2.6790999  1.3192539e+02 233.230 4.4192137e-04
2.7192999  7.3145386e+01 233.454 1.5805101e-04
2.7594999  9.0221260e+01 233.131 5.4142067e-05
2.7996999  1.0741383e+02 232.327 1.7764690e-05
2.8398999 -4.1693147e+02 232.342 5.5829753e-06
2.8800999  1.4071314e+00 232.755 1.6805793e-06
2.9202999  3.1624731e+01 233.320 4.8454882e-07
2.9604999  4.2179902e+01 231.733 1.3381392e-07
3.0006999 -8.4024413e+01 185.952 3.5395682e-08
                                              
                                              
                                              
0.5005000  2.7072761e+02 305.514 3.1929895e-02
0.5394000  3.3887274e+02 304.002 9.1866066e-02
0.5783000  4.9532501e+01 293.494 2.4993252e-01
0.6172000  4.0948083e+01 286.143 6.4299346e-01
0.6561000  4.4423603e+02 279.034 1.5642795e+00
0.6950000  4.9212380e+02 274.616 3.5987887e+00
0.7339000 -5.0430549e+01 269.959 7.8297097e+00
0.7728000 -4.7951187e+02 264.070 1.6110146e+01
0.8117000  1.2986551e+02 260.812 3.1350195e+01
0.8506000  3.3012440e+01 257.686 5.7702893e+01
0.8895000  1.0303068e+02 256.875 1.0046405e+02
0.9284000  4.7222181e+02 254.352 1.6547473e+02
0.9673000 -1.6845320e+02 249.116 2.5788748e+02
1.0062000  6.1554291e+02 249.421 3.8036453e+02
1.0451000  4.8991561e+02 249.078 5.3108862e+02
1.0840000  4.0851673e+02 245.717 7.0226594e+02
1.1229000  6.2310157e+02 244.567 8.7990229e+02
1.1618000  1.2310617e+03 244.407 1.0453883e+03
1.2007000  8.8087587e+02 242.934 1.1788339e+03
1.2396000  6.4111268e+02 241.510 1.2633546e+03
1.2785000  6.7874239e+02 240.204 1.2889850e+03
1.3174000  9.9022119e+02 240.437 1.2548872e+03
1.3563000  6.3824393e+02 239.635 1.1691023e+03
1.3952000  8.3204284e+02 237.535 1.0460208e+03
1.4341000  9.4550266e+02 236.964 9.0257358e+02
1.4729999  8.9580903e+02 236.742 7.5449783e+02
1.5118999  7.4251587e+02 235.820 6.1378091e+02
1.5507999  6.1478368e+02 235.023 4.8774184e+02
1.5896999  4.1999393e+02 233.275 3.7952223e+02
1.6285999  4.9009688e+02 233.180 2.8934543e+02
1.6674999  8.7572004e+01 233.268 2.1586426e+02
1.7063999  4.8652444e+02 231.761 1.5715743e+02
1.7452999  3.0288131e+02 230.779 1.1125239e+02
1.7841999  6.0533603e+02 230.002 7.6284750e+01
1.8230999  3.0972103e+02 232.976 5.0485498e+01
1.8619999  5.6801700e+01 230.035 3.2149303e+01
1.9008999 -1.9370944e+02 228.403 1.9651404e+01
1.9397999  1.7125777e+02 229.922 1.1508685e+01
1.9786999 -1.6923754e+02 228.585 6.4487360e+00
2.0175999  3.1856910e+02 228.871 3.4539508e+00
2.0564999 -2.8834311e+02 227.339 1.7670699e+00
2.0953999 -6.4343713e+01 228.221 8.6314482e-01
2.1342999  3.4382624e+02 229.425 4.0240952e-01
2.1731999 -3.5561031e+02 227.343 1.7902578e-01
2.2120999  3.3107559e+02 227.130 7.5991514e-02
2.2509999  2.5686969e+02 227.469 3.0773536e-02
2.2898999  3.8653737e+01 228.145 1.1888500e-02
2.3287999  2.3155205e+01 226.665 4.3812480e-03
2.3676999 -5.0245333e+01 226.066 1.5402086e-03
2.4065999 -4.9135391e+02 226.066 5.1649454e-04
2.4454999 -3.0903246e+02 225.357 1.6521615e-04
2.4843999 -2.3626357e+02 226.731 5.0412402e-05
2.5232999  3.1137754e+02 226.901 1.4673001e-05
2.5621999 -4.6806228e+01 226.934 4.0737677e-06
2.6010999 -6.3971082e+01 227.189 1.0788693e-06
2.6399999 -2.1003306e+02 225.971 2.7254381e-07
2.6788999  3.5456640e+02 226.782 6.5674775e-08
2.7177999 -1.6772088e+01 227.359 1.5095778e-08
2.7566999  1.7475534e+02 227.108 3.3098400e-09
2.7955999  9.1349773e+01 226.817 6.9223422e-10
2.8344999 -1.5339631e+02 225.931 1.3809999e-10
2.8733999  3.7402177e+02 189.404 2.6280207e-11
2.9122999  1.2321198e+02 189.789 4.7704399e-12
2.9511999  2.2908743e+02 188.393 8.2600484e-13
2.9900999  3.8010969e+01 187.521 1.3642730e-13
3.0289999 -8.7618807e+01 187.830 2.1493863e-14
